,year,month,nb_mining,sum_mining_btc,sum_mining_USD,mean_mining_output_btc,mean_mining_output_USD,mean_nb_outputs,mean_nb_outputs>0,mining_spending_time
2009-01-01,2009,1,2539,126950.0,,50.0,,1.0,1.0,12787.734853308357
2009-02-01,2009,2,3382,169102.01,,50.00059432288587,,1.0,1.0,19366.625853727153
2009-03-01,2009,3,3462,173100.0,,50.0,,1.0,1.0,12728.283524091805
2009-04-01,2009,4,3440,172000.0,,50.0,,1.0,1.0,12861.52072965571
2009-05-01,2009,5,3392,169600.13,,50.0000383254717,,1.0,1.0,12715.267164351859
2009-06-01,2009,6,2230,111500.0,,50.0,,1.0,1.0,12299.597043751164
2009-07-01,2009,7,1929,96450.14,,50.00007257646449,,1.0,1.0,11217.698951724733
2009-08-01,2009,8,1561,78050.13,,50.00008327994875,,1.0,1.0,10114.426573067632
2009-09-01,2009,9,2159,107950.12,,50.00005558128763,,1.0,1.0,7341.393600118385
2009-10-01,2009,10,2129,106450.12,,50.000056364490376,,1.0,1.0,6787.7028116531155
2009-11-01,2009,11,2216,110800.0,,50.0,,1.0,1.0,6706.20170838823
2009-12-01,2009,12,4047,202350.22,,50.00005436125525,,1.0,1.0,8322.11218166083
2010-01-01,2010,1,5003,250150.26,,50.00005196881871,,1.0,1.0,10350.604254498327
2010-02-01,2010,2,5603,280150.44,,50.00007852935927,,1.0,1.0,7531.860862306743
2010-03-01,2010,3,5187,259350.0,,50.0,,1.0,1.0,7298.746374054681
2010-04-01,2010,4,5586,279300.26,,50.00004654493377,,1.0,1.0,4731.472906161386
2010-05-01,2010,5,4942,247110.34,,50.00209227033589,,1.0,1.0,3774.4853940841676
2010-06-01,2010,6,4736,236801.37,,50.000289273648654,,1.0,1.0,3281.38962090164
2010-07-01,2010,7,7878,393909.52,8671.756,50.001208428535165,3.264968373493976,1.0,1.0,5760.723185223332
2010-08-01,2010,8,6021,301060.9700014,19369.78,50.001821956718146,3.217037037037037,1.0,1.0,3865.1141200963134
2010-09-01,2010,9,5541,277052.00960442,17122.886000000002,50.000362679014614,3.0902158455152504,1.0046922938097815,1.0046922938097815,5866.333599458769
2010-10-01,2010,10,5902,295101.0033037,33654.683000000005,50.000169993849546,5.702250593019317,1.0067773636055575,1.0067773636055575,3841.045062275633
2010-11-01,2010,11,5904,295305.09,76719.18300000003,50.01779979674797,12.994441565040656,1.0006775067750677,1.0006775067750677,2339.1345025300448
2010-12-01,2010,12,5615,280752.72666142,67995.69999999997,50.000485603102405,12.109652715939442,1.035440783615316,1.035440783615316,1513.0779114297502
2011-01-01,2011,1,5158,257908.27959263,95386.073,50.00160519438348,18.492840829778984,1.0,1.0,1945.3250465909346
2011-02-01,2011,2,5569,278463.17180579,258917.47500000006,50.00236520125516,46.49263332734783,1.0,1.0,1512.196189222898
2011-03-01,2011,3,4891,244680.4229255,209716.45300000004,50.02666590175833,42.87803169086077,1.0,1.0,1169.8922570611578
2011-04-01,2011,4,5088,254562.19588569,324955.97400000005,50.0318781221875,63.86713325471699,1.0338050314465408,1.0338050314465408,1007.4751503240861
2011-05-01,2011,5,6735,337165.43882335,2108551.159,50.06168356694135,313.07366874536007,1.5835189309576838,1.5835189309576838,661.9275549128091
2011-06-01,2011,6,6255,313593.89581161,5677731.908,50.134915397539565,907.7109365307754,2.636131095123901,2.636131095123901,406.73222965907485
2011-07-01,2011,7,4918,246282.67533788,3455541.1839999985,50.07781117077674,702.6313916226105,2.235868239121594,2.235868239121594,363.23151496169663
2011-08-01,2011,8,4377,219094.58126845,2204608.932000001,50.05587874536212,503.680359150103,3.0687685629426547,3.0687685629426547,395.0621075067217
2011-09-01,2011,9,4159,208112.01705523,1240183.7160000002,50.03895577187545,298.192766530416,2.7066602548689587,2.7066602548689587,454.1781450157448
2011-10-01,2011,10,3754,187819.58790308,687705.1579999998,50.03185612761854,183.19263665423543,2.290090570058604,2.290090570058604,375.88379002292373
2011-11-01,2011,11,4129,206548.56066526,556954.4720000001,50.02387034760475,134.88846500363286,2.029062727052555,2.029062727052555,423.9477916238332
2011-12-01,2011,12,4591,230055.55860293,803845.8069999999,50.110119495301674,175.09165911566106,2.223916358091919,2.223916358091919,455.13310322807087
2012-01-01,2012,1,4745,237821.56707619,1457867.4920000003,50.12045670731086,307.2428855637514,2.570495258166491,2.570495258166491,404.18283389393224
2012-02-01,2012,2,4355,217907.7788213,1114429.9159999995,50.03622935047073,255.8966512055108,6.231687715269805,6.231687715269805,451.84987267815814
2012-03-01,2012,3,4664,233355.42594813,1144790.445,50.03332460294382,245.4524967838765,7.5495283018867925,7.5495283018867925,509.6716958395879
2012-04-01,2012,4,4208,210564.94802919,1051434.4649999994,50.039198676138305,249.86560480038008,7.345532319391635,7.345532319391635,415.55518247808436
2012-05-01,2012,5,4418,221366.84837354,1122469.4839999997,50.10566961827524,254.06733454051601,7.589180624717066,7.589180624717066,487.4218905603241
2012-06-01,2012,6,4533,227295.78583543,1371518.501,50.14246323305317,302.5630930950805,4.797926318111626,4.797926318111626,529.4059389342887
2012-07-01,2012,7,4779,239538.92502679,1902209.3499999996,50.12323185327265,398.03501778614765,5.401966938690102,5.401966938690102,391.7971663614411
2012-08-01,2012,8,4875,244526.73279927,2668839.3519999995,50.15932980497847,547.4542260512819,5.545641025641026,5.545641025641026,380.6149324214369
2012-09-01,2012,9,4688,235094.18515091,2732053.4850000003,50.14807703731015,582.7759140358362,4.815273037542662,4.815273037542662,244.0802124336272
2012-10-01,2012,10,4618,231711.25178877,2713690.751,50.17567167361845,587.6333371589433,4.932871372888696,4.932871372888696,270.83184028087084
2012-11-01,2012,11,4431,213768.11198587,2446833.1920000007,48.24376257862108,552.2078970886935,4.612051455653352,4.612051455653352,218.58766346514693
2012-12-01,2012,12,4210,106184.86329978,1419008.6879999996,25.222057790921617,337.0566954869358,4.237054631828979,4.237054631828979,321.7011405137679
2013-01-01,2013,1,4442,112366.11457883,1762097.6890000005,25.29628873904322,396.6901596127871,3.714993246285457,3.714993246285457,238.39582934821448
2013-02-01,2013,2,4663,117992.31412858,3099236.2650000015,25.303948987471585,664.6442772892991,3.2361140896418616,3.2361140896418616,174.16520005984654
2013-03-01,2013,3,5329,134943.79213185,7835663.510999998,25.322535584884594,1470.3815933571022,3.167010696190655,3.167010696190655,239.39641293061953
2013-04-01,2013,4,4973,125919.66510044,16185686.896000007,25.320664608976475,3254.7128284737596,5.728735169917555,5.728735169917555,268.84505545132447
2013-05-01,2013,5,4980,126088.06163511,14867461.996999996,25.31888787853614,2985.4341359437744,6.48433734939759,6.48433734939759,268.7095919868309
2013-06-01,2013,6,5209,131478.73569601,13883543.684000006,25.240686445768862,2665.2992290266857,4.147053177193319,4.147053177193319,240.46292281808147
2013-07-01,2013,7,5353,134743.47855418,11509028.314999998,25.171582020209225,2150.0146301139544,4.251447786288063,4.251447786288063,292.71627606475084
2013-08-01,2013,8,5836,147262.47765423,15276454.957999997,25.233460872897535,2617.6242217272097,5.072309801233722,5.072309801233722,363.088383145812
2013-09-01,2013,9,5631,142110.80943902,17728416.558999993,25.237224194462794,3148.3602484461007,6.181850470609128,6.181850470609128,415.1107092548007
2013-10-01,2013,10,6211,156367.199271,24203741.44900001,25.175849182257284,3896.9153838351326,9.753501851553695,9.753501851553695,834.177235928572
2013-11-01,2013,11,5191,130960.8191283,70634637.96999998,25.228437512675786,13607.135035638603,13.298979002119053,13.298979002119053,908.0382449005647
2013-12-01,2013,12,5618,140945.27197013,111298475.247,25.088158058050908,19811.0493497686,18.845318618725525,18.845318618725525,940.3960549635112
2014-01-01,2014,1,5469,137163.84019708,112496443.05899993,25.080241396430793,20569.83782391661,17.124885719509965,17.124885719509965,897.7179580926393
2014-02-01,2014,2,4905,123021.39855004,81154347.145,25.080815198784915,16545.22877573904,17.532925586136596,17.532925586136596,1245.753251376943
2014-03-01,2014,3,5103,127995.19549771,75882444.602,25.082342837097787,14870.163551244366,9.956496178718401,9.956496178718401,1126.3777976531005
2014-04-01,2014,4,5035,126273.96822686,58472263.78699999,25.079238972564053,11613.160632969215,9.380139026812314,9.380139026812314,981.799968178524
2014-05-01,2014,5,5039,126347.46716443,61567397.123,25.073916881212543,12218.17763901568,9.716015082357611,9.716015082357611,848.1765103089693
2014-06-01,2014,6,5119,128307.00232469,78726970.72900002,25.06485687139871,15379.36525278375,10.033600312561047,10.033600312561047,904.7338555335384
2014-07-01,2014,7,4724,118441.66050705,73175729.10799998,25.072324408774342,15490.205145639284,10.825359864521593,10.825359864521593,1000.8907023027223
2014-08-01,2014,8,5126,128525.30204215,68765827.763,25.073215380833005,13415.104908895824,11.871439719079204,11.871439719079204,932.4035038009088
2014-09-01,2014,9,4750,119142.0380351,52969563.06400002,25.08253432317895,11151.486960842109,9.670736842105264,9.670736842105264,842.1053345314674
2014-10-01,2014,10,4668,117090.09311292,42430607.605000004,25.083567504910025,9089.676007926308,10.800556983718938,10.800556983718938,816.2767477897551
2014-11-01,2014,11,4429,111116.07394666,40599775.907,25.088298475199817,9166.804223752539,9.121020546398736,9.121020546398736,704.577354934949
2014-12-01,2014,12,4492,113114.8072875,38609954.97899997,25.18139075857079,8595.270476179869,7.088156723063223,7.088156723063223,587.5785275201098
2015-01-01,2015,1,4537,116587.64212738,29226034.346000016,25.69707783279259,6441.70913511131,7.195944456689443,7.195944456689443,622.4410257952331
2015-02-01,2015,2,4219,109176.8719986,25637789.123000026,25.877428774259304,6076.745466461253,5.385399383740223,5.385399383740223,599.2708457353818
2015-03-01,2015,3,4540,117067.3331321,31516777.79599999,25.785756196497797,6942.021540969161,5.879074889867842,5.879074889867842,459.0064801985489
2015-04-01,2015,4,4260,109979.76827323,25934589.15000001,25.816847012495302,6087.931725352115,5.041079812206573,5.041079812206573,378.39526754665536
2015-05-01,2015,5,4461,114582.36320097,27156946.243000004,25.685353777397445,6087.636458865726,4.336023313158485,4.336023313158485,294.9793590927838
2015-06-01,2015,6,4383,113159.68873163,26902083.34800001,25.817861905459733,6137.824172484601,3.89596167008898,3.89596167008898,315.6513433252683
2015-07-01,2015,7,4583,117753.75780453,32953414.084999993,25.693597600813874,7190.3587355444015,5.796203360244381,5.796203360244381,515.1172459421495
2015-08-01,2015,8,4598,115939.67327627,29118708.744999997,25.215239946992167,6332.907513049151,4.759460635058721,4.759460635058721,577.351968613833
2015-09-01,2015,9,4468,112531.82227971,26344399.815000005,25.186173294474038,5896.239886974039,3.787376902417189,3.787376902417189,383.6926968018961
2015-10-01,2015,10,4565,114957.92824286,30629795.024999984,25.182459636990142,6709.703181818179,3.3165388828039433,3.3165388828039433,282.07125979783655
2015-11-01,2015,11,4651,117114.7286655,40794226.42000001,25.180547982261878,8771.065667598368,3.546764136744786,3.546764136744786,249.4936004775719
2015-12-01,2015,12,5063,127640.19358646,54195997.99299999,25.21038783062611,10704.325102310882,3.803673711238396,3.803673711238396,291.37271281015563
2016-01-01,2016,1,4865,122775.39928716,50430175.182000004,25.236464396127438,10365.91473422405,2.1701952723535456,2.1701952723535456,344.1112715793651
2016-02-01,2016,2,4556,115167.7697627,46169972.02900003,25.278263775834066,10133.883237269541,2.0079016681299384,2.0079016681299384,198.8919429117618
2016-03-01,2016,3,4570,115650.03639722,47978516.65200001,25.306353697422317,10498.581324288842,1.5954048140043764,1.5954048140043764,276.8269205611078
2016-04-01,2016,4,4458,113064.97722988,49180289.57000002,25.362264968568862,11031.917803947963,1.4537909376401974,1.4537909376401974,294.4943941858065
2016-05-01,2016,5,4624,117147.2665651,54150573.17899998,25.334616471691174,11710.764095804494,1.5503892733564013,1.5503892733564013,368.5951071726196
2016-06-01,2016,6,4453,113197.30546129,73019085.86900005,25.420459344551986,16397.72869279139,1.5683808668313497,1.5683808668313497,462.4202443488984
2016-07-01,2016,7,4373,72689.15247191,48301117.278,16.62226217057169,11045.304659958838,1.4486622455979876,1.4486622455979876,545.4084139002201
2016-08-01,2016,8,4653,60295.07582839,34919268.921,12.958322765611435,7504.678470019341,1.2628411777347948,1.2628411777347948,497.90467798560155
2016-09-01,2016,9,4537,58516.95120098,35475410.03300002,12.897719021595769,7819.133796120789,1.3550804496363236,1.3550804496363236,461.0566818408157
2016-10-01,2016,10,4553,59213.36985571,38064696.70500002,13.005352483134198,8360.355085657813,1.522732264441028,1.522732264441028,383.1845962516314
2016-11-01,2016,11,4516,59093.63303741,42851527.86399998,13.085392612358282,9488.82370770593,2.679805137289637,2.679805137289637,474.38747628137884
2016-12-01,2016,12,4692,61658.61654059,50916163.99599999,13.141222621609122,10851.697356351235,2.5249360613810743,2.5249360613810743,359.3555154401663
2017-01-01,2017,1,4910,64872.69498015,59165039.74599998,13.212361503085539,12049.906261914455,1.8877800407331975,1.8877800407331975,355.8470753791346
2017-02-01,2017,2,4256,57698.65265198,61581348.08099998,13.557014250935149,14469.301710761272,1.4085996240601504,1.4085996240601504,187.3467280930072
2017-03-01,2017,3,4625,64896.51397809,73219744.265,14.031678697965406,15831.296057297297,1.5526486486486486,1.5526486486486486,225.66084868012987
2017-04-01,2017,4,4438,61850.57307868,75532733.26400001,13.936586993844072,17019.543322217218,2.296755295178008,2.296755295178008,203.36301417016273
2017-05-01,2017,5,4855,72331.18006531,137622101.82799992,14.89828631623275,28346.46793573634,1.6659114315139032,1.6659114315139032,186.89704690243644
2017-06-01,2017,6,4464,68348.66104948,178954026.638,15.31107998420251,40088.267616039426,1.5217293906810037,1.5217293906810037,269.3935004076064
2017-07-01,2017,7,4886,67525.41172176,169404068.824,13.820182505476874,34671.31985755219,1.690953745395006,1.690953745395006,324.87399664095483
2017-08-01,2017,8,4409,63545.65217585,246861475.06400004,14.412713126752097,55990.354970288055,2.079836697663869,2.079836697663869,333.0540411562848
2017-09-01,2017,9,4859,66029.94199145,271949123.202,13.589203949670713,55968.125787610625,2.0374562667215477,2.0374562667215477,330.528495548836
2017-10-01,2017,10,4825,65767.4085503,352897317.84199995,13.63055099488083,73139.34048538859,2.0555440414507773,2.0555440414507773,295.3133530512377
2017-11-01,2017,11,4368,64559.29042149,506405328.3060001,14.780057330927198,115935.28578434068,2.1009615384615383,2.1009615384615383,174.25634035566495
2017-12-01,2017,12,6816,88768.50108749,1379529235.8300002,13.023547694760857,202395.72121919016,2.1709213615023475,2.1710931768158472,337.4766475743393
2018-01-01,2018,1,5060,78308.88519729,1019752096.4459996,15.476064268239131,201532.0348707509,2.0950592885375494,2.0950592885375494,188.21988408723797
2018-02-01,2018,2,4372,57152.49076695,534638538.2969995,13.072390385853158,122286.94837534298,2.2026532479414453,2.2026532479414453,229.3889136306528
2018-03-01,2018,3,4650,59143.17873304,534082369.80099994,12.718963168395698,114856.42361311827,2.3116129032258064,2.3116129032258064,246.88893890583017
2018-04-01,2018,4,4605,58553.43427768,468427345.37200004,12.715186596673181,101721.46479305104,2.213897937024973,2.213897937024973,194.82273453044888
2018-05-01,2018,5,4712,59910.42592479,503283870.51199985,12.714436741254245,106808.97082173171,2.2230475382003396,2.2230475382003396,174.37909035125796
2018-06-01,2018,6,4601,58549.744916,396801552.84799993,12.725439016735491,86242.45878026515,2.6876765920452077,2.6876765920452077,188.6960915170966
2018-07-01,2018,7,4651,58806.53571691,421143306.62099993,12.643847713805632,90548.9801378198,2.9655987959578587,2.9655987959578587,339.5126329571572
2018-08-01,2018,8,4799,60681.55706457,405136957.89199984,12.644625352067097,84421.12062763072,3.1469056053344446,3.1469056053344446,479.1623924744586
2018-09-01,2018,9,4420,55869.48894473,367880973.005,12.640155869848416,83230.98936764705,2.7604072398190045,2.7604072398190045,183.54278148606258
2018-10-01,2018,10,4383,55333.13335829,354917533.0719998,12.624488559956651,80975.93727401318,2.3990417522245036,2.3990417522245036,157.91310545582672
2018-11-01,2018,11,3874,49295.75718937,265894802.37799993,12.724769537782654,68635.72596231283,2.553691275167785,2.553691275167785,128.824656333445
2018-12-01,2018,12,4375,55388.01906269,203615240.05100012,12.660118642900573,46540.626297371455,2.4118857142857144,2.4118857142857144,145.1208365038665
2019-01-01,2019,1,4526,57209.08809216,209560930.12299994,12.640099004012372,46301.57536964205,2.478347326557667,2.478347326557667,135.2645768730538
2019-02-01,2019,2,4122,52273.80581175,191115702.56599995,12.681660798580786,46364.79926394953,2.47573993207181,2.47573993207181,124.60966182562778
2019-03-01,2019,3,4548,57836.66672386,227022266.21799985,12.716945189942832,49916.945078715886,2.3858839050131926,2.3858839050131926,83.9131187785849
2019-04-01,2019,4,4333,56842.04312509,292487793.7380001,13.118403675303485,67502.37566074316,2.3999538426032774,2.3999538426032774,83.0338373785163
2019-05-01,2019,5,4722,63347.00718266,464697454.90899974,13.41529165240576,98411.1509760694,2.465480728504871,2.465480728504871,75.73896315708976
2019-06-01,2019,6,4525,60285.75441164,569911583.919,13.322818654506078,125947.31136331492,2.7772375690607736,2.7772375690607736,76.60872688766119
2019-07-01,2019,7,4756,61397.92047002,655546968.6609998,12.90957116695122,137835.77978574426,2.981286795626577,2.981286795626577,79.09521940122416
2019-08-01,2019,8,4680,59840.4175228,636047958.9339998,12.78641400059829,135907.68353290594,3.0608974358974357,3.0608974358974357,54.68538509021841
2019-09-01,2019,9,4640,58922.10154587,578304353.4480001,12.698728781437499,124634.55893275863,3.0454741379310346,3.0454741379310346,39.3872265625
2019-10-01,2019,10,4534,57572.28746283,481478309.57400006,12.697901954748566,106192.83404808117,3.0977062196735776,3.0977062196735776,46.613321874157435
2019-11-01,2019,11,4246,54027.27744163,450769871.77199996,12.724276364020255,106163.41775129533,3.1964201601507303,3.1964201601507303,50.756884308336616
2019-12-01,2019,12,4597,58096.00098869,421071027.491,12.637807480680879,91596.91700913639,3.254948879704155,3.254948879704155,39.101601648418054
2020-01-01,2020,1,4742,59893.20798284,500075802.14399993,12.630368617216366,105456.72757148881,3.3622943905525093,3.3622943905525093,35.585335653029645
2020-02-01,2020,2,4154,52669.21227813,507846724.2359998,12.679155579713528,122254.86861723635,3.3435243139142994,3.3435243139142994,36.789387787998315
2020-03-01,2020,3,4245,54311.79744193,380010467.7240004,12.794298572892815,89519.54481130751,3.383510011778563,3.383510011778563,40.002751606722434
2020-04-01,2020,4,4508,57152.14615101,411806241.60899997,12.677938365352707,91350.09796118012,3.40905057675244,3.40905057675244,101.15941110291087
2020-05-01,2020,5,4202,39956.11252931,368332750.16200006,9.508832110735364,87656.53264207521,3.337696335078534,3.337696335078534,333.54599575645267
2020-06-01,2020,6,4545,29662.04901229,281322493.5639999,6.526303413045104,61897.13829790977,3.3716171617161717,3.3716171617161717,272.94690378019874
2020-07-01,2020,7,4584,31183.64721386,299945933.69900006,6.802715360789703,65433.231609729504,3.3477312390924956,3.3477312390924956,209.47476460571457
2020-08-01,2020,8,4532,31708.30693125,369215226.667,6.99653727520962,81468.4966167255,3.2689761694616064,3.2689761694616064,186.5661560935936
2020-09-01,2020,9,4521,30724.40380244,327199284.6710002,6.795930945021013,72373.21050011064,3.0990931209909314,3.0990931209909314,144.86018453855974
2020-10-01,2020,10,4207,29773.33927535,352923839.43400013,7.077095145079629,83889.66946375092,3.1961017352032326,3.1961017352032326,123.20605132068299
2020-11-01,2020,11,4471,31394.42752036,522207951.16599995,7.0217909909103104,116798.91549228359,3.2956832923283383,3.2956832923283383,137.76712698809922
2020-12-01,2020,12,4512,31259.3097547,692153581.9530001,6.9280385094636525,153402.83287965428,3.4594414893617023,3.4594414893617023,84.24437232237244
2021-01-01,2021,1,3638,25297.69753536,893625243.9139997,6.953737640285871,245636.4056937877,3.4494227597581086,3.4494227597581086,39.683022388059676
