,year,month,sum_btc_output,count_output,sum_USD_output,sum_mining_btc_output,sum_mining_USD_output,nb_mining_output,PriceUSD_output,nb_unspent_output,mean_spending_time_output,nb_input=1_output,nb_input<5_output,nb_input>=5_output,nb_outputs==1_output,nb_outputs==2_output,nb_outputs<5_output,nb_outputs>=5_output,nb_mining_output,sum_input=1_output,sum_input<5_output,sum_input>=5_output,sum_outputs==1_output,sum_outputs==2_output,sum_outputs<5_output,sum_outputs>=5_output,sum_mining_output
2009-01-01,2009,1,133565.0,2582,,126950.0,,2539,,2196,12431.269073114567,20,13,10,2560,22,0,0,2539,40400000000.0,88600000000.0,532500000000,13318800000000,37700000000,,,12695000000000
2009-02-01,2009,2,181334.56,3434,,169102.01,,3382,,2605,18923.629384800966,32,10,10,3404,30,0,0,3382,221866000000.0,101385000000.0,900004000000,18065005000000,68451000000,,,16910201000000
2009-03-01,2009,3,185850.0,3484,,173100.0,,3462,,2742,12729.223203803533,4,4,14,3482,2,0,0,3462,15000000000.0,60000000000.0,1200000000000,18580000000000,5000000000,,,17310000000000
2009-04-01,2009,4,182332.51,3460,,172000.0,,3440,,2740,12809.393032021608,9,3,8,3454,6,0,0,3440,28251000000.0,85000000000.0,920000000000,18218251000000,15000000000,,,17200000000000
2009-05-01,2009,5,176409.94,3418,,169600.13,,3392,,2600,12615.454313705515,16,4,6,3402,16,0,0,3392,38497000000.0,22490000000.0,619994000000,17532613000000,108381000000,,,16960013000000
2009-06-01,2009,6,115893.98,2242,,111500.0,,2230,,1637,12342.283980257112,8,2,2,2234,8,0,0,2230,19899000000.0,19499000000.0,400000000000,11569499000000,19899000000,,,11150000000000
2009-07-01,2009,7,102799.67,1937,,96450.14,,1929,,1289,11284.639804526749,4,2,2,1931,6,0,0,1929,10000000000.0,20000000000.0,604953000000,9665014000000,614953000000,,,9645014000000
2009-08-01,2009,8,86297.59,1570,,78050.13,,1561,,917,10066.361299982984,3,0,6,1564,6,0,0,1561,9940000000.0,,814806000000,7889866000000,739893000000,,,7805013000000
2009-09-01,2009,9,121001.0,2171,,107950.12,,2159,,1502,7340.159046669989,1,0,11,2169,2,0,0,2159,100000000.0,,1304988000000,11595112000000,504988000000,,,10795012000000
2009-10-01,2009,10,168149.64,2143,,106450.12,,2129,,981,6745.167514104035,0,1,13,2141,2,0,0,2129,,20000000000.0,6149952000000,16309988000000,504976000000,,,10645012000000
2009-11-01,2009,11,261250.0,2239,,110800.0,,2216,,951,6634.773688319528,14,2,7,2223,16,0,0,2216,7805000000000.0,5000000000.0,7235000000000,18315000000000,7810000000000,,,11080000000000
2009-12-01,2009,12,262049.2,4097,,202350.22,,4047,,1390,8287.768390181833,32,3,15,4069,28,0,0,4047,1658085000000.0,46500000000.0,4265313000000,25058692000000,1146228000000,,,20235022000000
2010-01-01,2010,1,293831.26,5072,,250150.26,,5003,,1232,10219.813934100115,37,10,22,5038,34,0,0,5003,112229000000.0,129900000000.0,4125971000000,28173735000000,1209391000000,,,25015026000000
2010-02-01,2010,2,516975.19,5783,,280150.44,,5603,,1226,7417.0070096067075,91,36,53,5719,64,0,0,5603,6652716000000.0,3203420000000.0,13826339000000,42335725000000,9361794000000,,,28015044000000
2010-03-01,2010,3,411355.69,5411,,259350.0,,5187,,1392,7091.550237413952,98,59,67,5357,54,0,0,5187,535652000000.0,1083759000000.0,13581158000000,38255233000000,2880336000000,,,25935000000000
2010-04-01,2010,4,742649.31,12963,,279300.26,,5586,,1343,2192.793279044748,6925,285,167,6309,6654,0,0,5586,18153624000000.0,6725989000000.0,21455292000000,51988891000000,22276040000000,,,27930026000000
2010-05-01,2010,5,749648.79,6375,,247110.34,,4942,,705,3402.674302518127,969,274,190,6051,324,0,0,4942,19436747000000.0,5901432000000.0,24915666000000,56244450000000,18720429000000,,,24711034000000
2010-06-01,2010,6,1087357.36,7101,,236801.37,,4736,,686,3288.887688187409,1937,270,158,6233,868,0,0,4736,48177185000000.0,11257172000000.0,25621242000000,61126865000000,47608871000000,,,23680137000000
2010-07-01,2010,7,4727957.93,38602,43186.8800000001,393909.52,8671.75600000003,7878,0.0631710983636333,3592,2219.5247258402383,29315,1078,331,14380,24222,0,0,7878,368415914000000.0,22082437000000.0,42906490000000,107547962000000,365247831000000,,,39390952000000
2010-08-01,2010,8,1496586.1099889,15260,95915.65300000065,301060.9700014,19369.77999999995,6021,0.06429272573538916,2034,2641.014889863405,7783,1115,341,8684,6576,0,0,6021,72835250999080.0,20983164999620.0,25734098000050,76408989000180,73249621998710,,,30106097000140
2010-09-01,2010,9,1680795.17942768,17443,103821.35800000043,277052.00960442,17122.88599999995,5567,0.061864874184042774,1507,2755.1348234779402,9985,1475,416,8899,8544,0,0,5567,85173318983526.0,19833425038388.0,35367572960412,83454344960442,84625172982326,,,27705200960442
2010-10-01,2010,10,5203869.49142607,19959,535667.4920000089,295101.0033037,33654.683000000034,5942,0.10840696434923544,1612,1890.3692517093336,11670,1793,554,8851,11108,0,0,5942,354134077259007.0,58448915553230.0,78293856000000,170765221830261,349621727312346,,,29510100330370
2010-11-01,2010,11,3101508.48217576,73764,801569.6199999375,295305.09,76719.18299999987,5910,0.2653791355796885,1413,411.193015396394,65019,2118,717,53042,20722,0,0,5910,192199032000000.0,43218755000000.0,45202552217576,155456975000000,154693873217576,,,29530509000000
2010-12-01,2010,12,2629208.0070954,25935,645545.8559999946,280752.72666142,67995.70000000046,5814,0.24724439168242973,2654,2122.398917142733,18104,1537,480,8553,17180,0,202,5814,171846994637450.0,24349440283740.0,38649093122208,83473338666142,179432462043398,,15000000000.0,28075272666142
2011-01-01,2011,1,3682086.62243835,56104,1465542.83700003,257908.27959263,95386.0730000009,5158,0.38222012966531294,2345,1677.1690490946298,46455,3511,980,13624,42480,0,0,5158,237892272535736.0,22986581583633.0,81538980165203,128065137193830,240143525050005,,,25790827959263
2011-02-01,2011,2,4538669.60264172,81561,4201737.954000239,278463.17180579,258917.4749999964,5569,0.9433874526579973,6970,2273.2235748689986,69767,4768,1457,12793,68768,0,0,5569,342898041413575.0,36278913160622.0,46843688509396,91736143439464,362130816824708,,,27846317180579
2011-03-01,2011,3,9325311.54338076,143614,8264282.523000608,244680.4229255,209716.4530000001,4891,0.8470718092984104,9286,1408.5243550447503,111889,23349,3485,28321,109256,26,6011,4891,685465599101211.0,171603594276207.0,50993918668108,63714216458038,865331944880038,280161000000.0,3204832000000.0,24468042292550
2011-04-01,2011,4,13893003.53309944,150259,18402369.655000914,254562.19588569,324955.97400000156,5260,1.408154913388437,7802,1706.520121531784,102208,31298,11493,18897,108748,52,22562,5260,882469118623055.0,376656084053801.0,104718931044519,135884169639574,1246456400650370,113614000000.0,6846169020000.0,25456219588569
2011-05-01,2011,5,11839022.04869922,321063,77520010.5169999,337165.43882335,2108551.1590000093,10665,6.669828717132329,26587,2165.337270587789,225123,65251,20024,30767,205824,2130,82342,10665,771633843131092.0,255957246009693.0,122594571846802,206334014465704,963686154090946,1189670558955.0,12692365754317.0,33716543882335
2011-06-01,2011,6,72925580.08706868,764875,1295382293.9193401,313593.89581161,5677731.907999998,16489,18.281792807848202,67836,2797.2057241257626,561741,145295,41350,46275,531912,5881,180807,16489,6888357416879396.0,122782417738454.0,250058784507856,163694662104508,7118590600326245,855724898835.0,9417021377279.0,31359389581161
2011-07-01,2011,7,37814711.33028778,778007,528635867.45597494,246282.67533788,3455541.1840000004,10996,14.064127866598398,194087,2850.1811373723945,608748,123939,34324,30957,462058,8510,276482,10996,3605685198751379.0,74885666507546.0,76272000236065,69917242239819,3703359530030962,996879517279.0,7197481240718.0,24628267533788
2011-08-01,2011,8,17360807.03280899,629932,170213935.86800343,219094.58126845,2204608.932000002,13432,10.084383934375747,122005,2683.157519051298,479097,106835,30568,27690,409546,5167,187529,13432,1492087338584926.0,96667577438446.0,125416329130682,111013577271853,1618860720226673,706342028286.0,5500063754087.0,21909458126845
2011-09-01,2011,9,17613465.16925103,555478,113086662.29600199,208112.01705523,1240183.7159999995,11257,6.251008859468812,133716,2573.6444235927675,421414,96425,26382,21036,341548,2403,190491,11257,1576259369265428.0,75068475655830.0,89207470298322,123170430389386,1632917290556731,543204207291.0,4715591771695.0,20811201705523
2011-10-01,2011,10,11933880.72706366,382700,43078177.29800077,187819.58790308,687705.1580000003,8597,3.6619594282464756,20372,2364.30013853545,282293,69258,22552,16370,301348,2486,62496,8597,955937210195840.0,119302139182920.0,99366764537298,74442222218642,1112565091855255,1153867344606.0,5226891287863.0,18781958790308
2011-11-01,2011,11,50042787.44973879,378349,126641290.21199606,206548.56066526,556954.472,8378,2.6952393013296296,16528,2004.3021187502502,280454,69740,19777,16248,301018,2166,58917,8378,2209919358424398.0,2607712315539012.0,165992214943943,240375957669817,4753179506870041,2257877943502.0,8465402490519.0,20654856066526
2011-12-01,2011,12,46989823.25847951,398506,146873721.12399566,230055.55860293,803845.8069999987,10210,3.4718368048422685,17578,1860.4263227798585,288738,77879,21679,17048,305818,2268,73372,10210,1655697684075908.0,2934385748029405.0,85893337882345,315200604737647,4371095702220840,2367503281940.0,10318515607524.0,23005555860293
2012-01-01,2012,1,11655270.27629642,467430,71908677.4159981,237821.56707619,1457867.4919999996,12197,6.144919703741897,18572,1917.997549020701,326712,99067,29454,19872,353032,4028,90498,12197,832693174286463.0,199904032777514.0,109147663858046,106763649971730,1038413564163822,3860397877705.0,16489415616385.0,23782156707619
2012-02-01,2012,2,15803263.34788641,500564,77225438.82899824,217907.7788213,1114429.9160000002,27139,5.107863496859964,20744,1687.6098755291455,327082,116866,29477,18104,373018,4720,104722,27139,1225940658896758.0,227818541898131.0,104776356111622,82301483727025,1482880582204845,2341160760452.0,12803108096319.0,21790777882130
2012-03-01,2012,3,18253040.39900804,514502,89233283.96400456,233355.42594813,1144790.4450000015,35211,4.90928260019741,21016,1926.2257981403882,353047,96597,29647,18840,359568,3782,132312,35211,1457767696686187.0,239549851831451.0,104650948788353,80533446668079,1721142361144859,3969690130093.0,19658541957773.0,23335542594813
2012-04-01,2012,4,32814126.05781341,542349,164656246.52299222,210564.94802919,1051434.4650000015,30910,4.996396298888547,22700,1667.137988685087,371033,109286,31120,19678,402204,5249,115218,30910,2862016584161535.0,247099314369607.0,151240212447280,98670457784480,3164750466665073,4027677717002.0,13964003614786.0,21056494802919
2012-05-01,2012,5,72621745.26043472,1454502,368860899.6160013,221366.84837354,1122469.4840000004,33529,5.083330310583637,33287,690.9106395918151,849768,501810,69395,20413,1259344,17748,156997,33529,6717430256154562.0,307137989414754.0,215469595636802,108472930092544,7122934497891140,10308813020299.0,20458285039489.0,22136684837354
2012-06-01,2012,6,82854304.2412369,2208178,494097486.2019865,227295.78583543,1371518.5010000002,21749,6.05123719698734,63095,558.2628526062641,1403107,672025,111297,21296,1881500,30011,275371,21749,7702470945658802.0,338763212512917.0,221466687368428,100720654466008,8136680030921165,13750653407645.0,34279085328872.0,22729578583543
2012-07-01,2012,7,57136426.10100675,2005614,453389322.62797785,239538.92502679,1902209.3500000013,25816,8.058485986721374,83578,739.9187707858408,1400093,468331,111374,26393,1645448,113304,220469,25816,5100536778865236.0,344768938724342.0,244383000008418,129644658230389,5503067506858499,42358098523387.0,38572346488400.0,23953892502679
2012-08-01,2012,8,135488968.90739712,2398705,1435495862.3069723,244526.73279927,2668839.3519999995,27035,11.005956561553557,112725,810.878473374423,1726715,527225,117730,34378,2074232,50244,239851,27035,1.2858123862975484e+16,406641495796105.0,259678858688198,129555543252956,13306737845340356,39414422520265.0,73189079626136.0,24452673279927
2012-09-01,2012,9,338935642.4181317,2193125,3946273878.6528144,235094.18515091,2732053.4849999994,22574,11.569265933051426,110619,914.4007172272261,1543832,506167,120552,28300,1767146,60794,336885,22574,3.324246778605324e+16,403784094057608.0,223802943187227,141771698159766,33687964240965875,36752533989773.0,27075768697754.0,23509418515091
2012-10-01,2012,10,63526259.27406562,2380676,746339973.354021,231711.25178877,2713690.7509999988,22780,11.794291052993092,135080,1609.7183247279534,1684219,546700,126977,36820,1708786,80944,554126,22780,5746799804913272.0,359883948687763.0,222771048626650,138877294600001,6118029077728289,52662119235933.0,43057435842339.0,23171125178877
2012-11-01,2012,11,45518518.11896636,2339395,520939694.6309633,213768.11198587,2446833.192,20436,11.531704308592209,113059,1849.6805271254595,1600055,600042,118862,36202,1726528,78561,498104,20436,4008210919722899.0,336244616334242.0,186019464640908,119084776877444,4330213241714910,59638373992163.0,42915419312119.0,21376811198587
2012-12-01,2012,12,50378739.74844367,2713063,676174851.9069858,106184.86329978,1419008.6879999992,17838,13.395436256987637,140899,855.1139906407773,1795054,752396,147775,39091,2079286,134982,459704,17838,4263941266970729.0,495391566930278.0,267922654613382,96868790950407,4679571466341880,181619935455488.0,79813782096592.0,10618486329978
2013-01-01,2013,1,51726933.33243156,3308324,814410698.6879551,112366.11457883,1762097.6890000012,16502,15.743996423155087,136131,808.8036126689151,2247143,880337,164342,49564,2591520,176121,491119,16502,3963813028225833.0,733899923495306.0,463743770064134,137108590650887,4434455236454583,402770203254277.0,198359302883409.0,11236611457883
2013-02-01,2013,2,42694124.16676757,3682788,1102223603.2149587,117992.31412858,3099236.2650000006,15090,26.234398787988653,163005,676.5102308305227,2384052,1088313,195333,46218,2945526,172001,519043,15090,3385789880036548.0,576500561801648.0,295322743425703,148808053223273,3877709741725520,146911350177829.0,95983271550135.0,11799231412858
2013-03-01,2013,3,54610571.03820755,4199539,3187296423.9176145,134943.79213185,7835663.511000001,16877,57.84246059947607,244111,1046.368611132057,2741866,1189598,251198,70054,3089888,184830,854767,16877,4586903778812074.0,582396616340990.0,278262329454506,138032273025953,5109606779989376,120709358266704.0,92708692538722.0,13494379213185
2013-04-01,2013,4,52940219.26920928,4924882,6797335385.3760605,125919.66510044,16185686.895999998,28489,129.0246545724547,695881,1877.0344372415177,3406499,1235616,254278,107229,3021240,208598,1587815,28489,4353685978399152.0,632379173198770.0,295364808812962,208919945016972,4838180529110015,148274003601917.0,98647449192024.0,12591966510044
2013-05-01,2013,5,23292603.30326294,4992977,2726235245.9998894,126088.06163511,14867461.997,32292,117.06956778939208,576231,1689.3870527542103,3333041,1375639,252005,84540,3161688,198357,1548392,32292,1662993176450835.0,438347843550980.0,215310504160968,243844183578581,1855512617808768,145081483952912.0,84822044986033.0,12608806163511
2013-06-01,2013,6,17702272.23477836,3471312,1861590679.7440581,131478.73569601,13883543.684,21602,106.11832838957345,177253,1143.6133971224324,2146788,1101424,201498,70775,2512588,217038,670911,21602,1170695833804868.0,391219893828002.0,195163622275365,100124903656388,1462649608609317,130560035864356.0,76892675347775.0,13147873569601
2013-07-01,2013,7,26172816.75939665,2981555,2240384985.729712,134743.47855418,11509028.315000003,22764,86.056925866461,101325,1053.493121904245,1826316,963842,168633,82783,2088374,235691,574707,22764,1881500333600726.0,489706958832239.0,232600035651282,316009728825125,1973897205574572,204375213194102.0,122999528345866.0,13474347855418
2013-08-01,2013,8,28300114.766005,4050055,2968008395.6395874,147262.47765423,15276454.957999997,29602,104.17563115595881,128523,632.5083967686494,2419917,1351058,249478,91829,3083976,263756,610494,29602,2173255717829591.0,396901499746589.0,245128011258897,116726271217591,2452377255146782,166828014986365.0,94079935249762.0,14726247765423
2013-09-01,2013,9,21927808.29659059,3815813,2735205365.434004,142110.80943902,17728416.559,34810,124.55645442017376,97908,928.0782232263739,2364364,1205516,211123,96320,2874538,222174,622781,34810,1664740067465222.0,322477154979969.0,191352526269966,107675217302517,1851847041285787,154720244125081.0,78538326945674.0,14211080943902
2013-10-01,2013,10,29205634.12914436,4202405,4618438802.192798,156367.199271,24203741.449000005,60633,155.4390310281732,140359,1024.2822091993687,2601338,1275051,265383,109601,2882136,330939,879729,60633,2278555319962899.0,389037842344054.0,237333530680383,156288134019521,2443051425595656,207328176857677.0,113895676441582.0,15636719927100
2013-11-01,2013,11,49179628.94456011,5178174,32712001368.689793,130960.8191283,70634637.97,69073,599.1325517281308,204330,1247.3896082262806,2939895,1665660,503546,191230,3195700,539377,1251867,69073,3945485321392475.0,542924869870294.0,416456621280412,178325687831799,3429919035517975,772803841413021.0,536914329693216.0,13096081912830
2013-12-01,2013,12,34404105.07968398,5490033,27227002569.27071,140945.27197013,111298475.24699995,105877,797.3745813622573,264344,1531.0829520491695,2995862,1807836,580458,186555,3117424,587255,1598799,105877,2738410481306717.0,385102447247087.0,302803052217581,164718063083357,2077693268180375,737487922465281.0,460511254239385.0,14094527197013
2014-01-01,2014,1,19422404.29226133,5349655,15934194624.230684,137163.84019708,112496443.05899999,93684,818.9777494988442,244922,1708.4294789491462,2941269,1690284,624418,180751,2956528,520168,1692208,93684,1487528518825778.0,238943893681474.0,202051632699173,94726630044395,1184559827164593,451365743501847.0,211588228515298.0,13716384019708
2014-02-01,2014,2,17973233.10070033,5760265,11822107096.249388,123021.39855004,81154347.14500001,86021,654.9272686313221,223083,1510.7775376659745,2802208,1748248,1123788,159030,3001334,481073,2118828,86021,1251389093866663.0,279186709208276.0,254445367140090,102906161812751,1091135136000615,333931782805277.0,269350229451390.0,12302139855004
2014-03-01,2014,3,27363551.70741179,6670979,16526677165.98494,127995.19549771,75882444.60199997,50814,596.6372025706054,259912,1459.4908388764748,3204549,1997596,1418020,229180,3316320,498531,2626948,50814,2191917353151748.0,229452041646429.0,302186256393231,184295523081435,1911148277615349,331372093583166.0,309539276461229.0,12799519549771
2014-04-01,2014,4,18406940.08383109,6168212,8552607620.703122,126273.96822686,58472263.787,47247,463.68492950962786,236395,1340.5143623433332,2858120,1853776,1409069,162411,3061908,524057,2419836,47247,1386530741806514.0,174098013886665.0,267437855867244,85818808217138,1236724187145203,289433522779717.0,228717490241051.0,12627396822686
2014-05-01,2014,5,23732778.91589437,6360916,11715772358.302242,126347.46716443,61567397.12300001,48973,488.05229534808274,252568,1238.4952866444698,2969895,1902452,1439596,185415,3242594,500305,2432602,48973,1954687581786633.0,143227120414227.0,262728442672134,120289454565042,1690355950743823,357951340309008.0,204681145971564.0,12634746716443
2014-06-01,2014,6,19917326.83483063,6152843,12337807511.584871,128307.00232469,78726970.72899999,51406,615.2373327515123,262713,1385.3682027286914,2969347,1780105,1351985,177278,2913182,498353,2564030,51406,1576585398092012.0,143961473265590.0,258355111892992,89243744117882,1505131989533415,211411934435086.0,185945015396680.0,12830700232469
2014-07-01,2014,7,15015019.5254026,6468386,9314481479.949026,118441.66050705,73175729.10799997,51199,618.0498963266014,303524,1339.5919042081123,3102058,1943406,1371723,191463,3055896,598260,2622767,51199,1110753676154560.0,147222382617483.0,231681727717512,92528657753991,1088812153760249,141315454593439.0,178845686432581.0,11844166050705
2014-08-01,2014,8,23128892.05482209,6933587,12165117691.120117,128525.30204215,68765827.76299998,60909,535.944667714522,305719,1273.174988702373,3370881,2102803,1398994,212849,3361210,627727,2731801,60909,1844020238717382.0,193370236334924.0,262646200225688,97360790646834,1922030919223136,80369986092281.0,213127509519958.0,12852530204215
2014-09-01,2014,9,17084748.537407,7132520,7483905389.160027,119142.0380351,52969563.063999996,45962,442.75463583059695,357825,1258.2763454719632,3643643,2077663,1365252,209289,3436052,632295,2854884,45962,1203388146023485.0,189145711618428.0,304026792295277,106962970433189,1269067499818221,107060778554413.0,225383604934877.0,11914203803510
2014-10-01,2014,10,26278337.7980644,7687896,9503408665.92834,117090.09311292,42430607.60500001,50475,362.28588786399774,320407,1204.84901319929,4042430,2095321,1499670,226757,3828948,631778,3000413,50475,1979369180040754.0,257335936146184.0,379419654308210,106728940426367,2104066092319388,139699999094174.0,277338747966511.0,11709009311292
2014-11-01,2014,11,28020276.1088894,7973526,10315899435.15307,111116.07394666,40599775.90699999,40421,366.5722852186183,310072,1205.298241151401,4212346,2148062,1572697,222250,4097292,584708,3069276,40421,2110377230448295.0,270004963676720.0,410533809369259,118011318987926,2302904733473305,120694991903315.0,260416566524394.0,11111607394666
2014-12-01,2014,12,30715664.35932928,8561480,10562599165.375416,113114.8072875,38609954.97900002,31884,342.649812549312,308481,1170.9958007354003,4520618,2298225,1710753,236409,4420096,683739,3221236,31884,2234686452572902.0,339002915670680.0,486565586960596,121841708596629,2447105520862677,133743186767801.0,368876019705821.0,11311480728750
2015-01-01,2015,1,38966210.12770895,9079609,9502271719.153381,116587.64212738,29226034.34599999,32794,248.03566349713327,327302,1274.2513192178653,4903306,2468912,1674597,270610,4703570,712264,3393165,32794,2762134499783507.0,453228998881841.0,669598749892809,144220054205923,3001020121557337,203854252553342.0,547526584454293.0,11658764212738
2015-02-01,2015,2,24601389.58535641,8941363,5770443100.547985,109176.8719986,25637789.123,22903,235.33139204964,364065,1290.4227414001198,4846038,2422324,1650098,277427,4257690,659020,3747226,22903,1636216853648566.0,317946671956261.0,495057745730954,85067693080967,1798134215133959,165125171710219.0,411811878610496.0,10917687199860
2015-03-01,2015,3,31551377.8066351,9445223,8534522328.199362,117067.3331321,31516777.796,26853,269.80622668785065,352441,1178.6705629961712,4706373,2880874,1831123,310787,4882028,756625,3495783,26853,2171952752138534.0,395741714460195.0,575736580751571,93861956076534,2377380057993413,215380422673892.0,468515343919671.0,11706733313210
2015-04-01,2015,4,29759945.2851362,9593490,6958446972.933131,109979.76827323,25934589.15,21627,235.72509007997937,315029,1097.700191234009,4831586,2976495,1763782,286349,5220912,815504,3270725,21627,2063773550537345.0,373479047290249.0,527743953858703,89965332479515,2229275227502879,230367791978102.0,426386176553124.0,10997976827323
2015-05-01,2015,5,32308392.36883895,10068812,7657379426.442238,114582.36320097,27156946.243000004,19485,237.02380220723904,355243,1183.516115169354,5060977,3130355,1857995,300069,5226260,837632,3704851,19485,2294919615137712.0,360429296393764.0,564032089032322,88695167224335,2401782982506539,277478052299335.0,462883034853686.0,11458236320097
2015-06-01,2015,6,40270918.3903319,11507436,9605133527.350586,113159.68873163,26902083.347999994,17230,239.34440777628322,478781,1269.134699931642,6240868,3247463,2001875,334243,5619372,825931,4727890,17230,2660894376697391.0,441192856939362.0,913688636523274,113396100496732,2827085421564258,267732394102654.0,818877922869546.0,11315968873163
2015-07-01,2015,7,37011909.72378671,20285857,10351908086.041874,117753.75780453,32953414.084999997,26724,282.25171057572686,1994990,2741.6295771716937,14970550,3254690,2033893,756597,5973958,1239033,12316269,26724,2495889955528355.0,450367061321657.0,743158579748206,113206530734659,2583394803234468,321606805586736.0,682982832822808.0,11775375780453
2015-08-01,2015,8,41668566.51060701,15755291,10333106606.932829,115939.67327627,29118708.74500001,21940,261.17718795302363,472032,3083.4284535650845,10550386,3173807,2009158,373332,5539940,849287,8992732,21940,2405586046001193.0,596827432814134.0,1152849204917747,125831331902937,2674878978924594,352381327816158.0,1013765012417012.0,11593967327627
2015-09-01,2015,9,37904022.2749852,13416066,8869420464.730402,112531.82227971,26344399.815000005,16942,233.40884103248177,909728,782.3448698660759,7896017,3419123,2083984,819190,5989996,989733,5617147,16942,2416650884242741.0,528869443317815.0,833628717709993,120760607061131,2661865470890614,285254717337414.0,722521432209361.0,11253182227971
2015-10-01,2015,10,49888556.1484319,12119760,13437307826.564137,114957.92824286,30629795.024999995,15158,267.7097382830654,338362,842.2830828978025,6312858,3949878,1841866,528768,6749252,1042849,3798891,15158,3574982454548424.0,597575301464111.0,804802066006369,155194590705791,3860114405535122,286914701231553.0,686631917370724.0,11495792824286
2015-11-01,2015,11,79099615.77456093,13756483,28273997934.24279,117114.7286655,40794226.42000001,16524,350.11039186440314,395503,857.708136862815,7132347,4271130,2336482,559749,7552282,1098904,4545548,16524,6261454589526052.0,672278096109981.0,964517418953510,242546389257213,6577628457914324,318878149414199.0,770908580870357.0,11711472866550
2015-12-01,2015,12,111647033.27779724,16773759,47806304207.04673,127640.19358646,54195997.99299999,19288,425.9991614327154,411508,823.6738894210324,9228771,5009079,2516621,732519,9773668,1245715,5021857,19288,9496642557810316.0,714165943988648.0,941130806622114,258615548395290,9845895965440758,284315876485414.0,775875937458261.0,12764019358646
2016-01-01,2016,1,223824559.45826912,16863689,88793074242.30855,122775.39928716,50430175.18199999,10570,409.42897163951335,460976,962.4955305645939,9389146,5066255,2397718,671803,9297138,1520552,5374196,10570,2.1013328236251316e+16,580928007811025.0,775922161835854,163072191750784,21218189338456138,260526903917496.0,740667511702493.0,12277539928716
2016-02-01,2016,2,109478335.23579568,17460752,44783228235.240204,115167.7697627,46169972.029,9162,403.29189810196993,449316,869.5740960663245,10150747,5069367,2231476,662351,9965112,1505013,5328276,9162,9461857874943238.0,698663900582352.0,775794971077707,200873610936159,9521313762660634,339109267720937.0,886536882261837.0,11516776976270
2016-03-01,2016,3,123509175.75285706,16557082,51120291668.54565,115650.03639722,47978516.65199999,7297,415.03835014788126,531821,1236.0980319975915,10825347,3388876,2335562,993242,9372786,671991,5519063,7297,1.0933821479989488e+16,554303912543473.0,851227179113023,236391051927866,10914681317707567,265728011298113.0,934117194352160.0,11565003639722
2016-04-01,2016,4,86791516.07826573,17333143,37913141195.02136,113064.97722988,49180289.57,6487,435.81590855781434,497923,1294.969798941499,11701671,3369869,2255116,1110678,9695168,770267,5757030,6487,7471857000717953.0,508610946083583.0,687377163302048,180124020156359,6756211584218878,326971868042248.0,1415844135409087.0,11306497722988
2016-05-01,2016,5,75673398.60791667,18228279,35208987918.03694,117147.2665651,54150573.179000005,7169,462.49695746166157,552539,1412.4552674002182,12821925,3729897,1669288,1157433,10390534,771569,5908743,7169,6414267320805020.0,566178407231462.0,575179406098675,219849953486020,5653595234487912,343490093053562.0,1350404579764173.0,11714726656510
2016-06-01,2016,6,70602352.64861515,18482391,45714329449.597176,113197.30546129,73019085.869,6990,645.5457679325233,538029,1309.2277074563788,13416612,3489961,1568828,1112172,10759452,789266,5821501,6990,5775188773170347.0,584744437255793.0,688982323889246,191869378397980,5450954075652739,256280558177895.0,1161131252632901.0,11319730546129
2016-07-01,2016,7,69260540.16502583,16741517,45918466735.548615,72689.15247191,48301117.27800001,6335,662.6740557570639,537657,1356.5555896130973,12086240,3332786,1316156,889013,10539274,703641,4609589,6335,6033422825554992.0,443455364025574.0,441906911674826,149453548079897,6086763915189655,204040619310686.0,485795933922345.0,7268915247191
2016-08-01,2016,8,66284480.19127858,17522696,38321786293.33918,60295.07582839,34919268.921,5878,579.1710493089678,564581,1225.2434756246557,12709997,3469873,1336948,992556,11193100,770304,4566736,5878,5664196532412504.0,444672773572979.0,513549205559536,179642230791370,5584719164830091,227616591623576.0,636470031882821.0,6029507582839
2016-09-01,2016,9,58857329.69501536,16559605,35664549127.66166,58516.95120098,35475410.032999985,6148,606.2735113084311,508093,1006.047591015004,11959483,3345188,1248786,923374,10575304,847170,4213757,6148,4953740272577609.0,424785813580421.0,501355188223408,142064422327113,4637522339216245,225219733660586.0,880926474297592.0,5851695120098
2016-10-01,2016,10,73459222.03588577,18268448,47125925232.295235,59213.36985571,38064696.705,6933,642.238238276751,562639,938.3027772129306,13223350,3692976,1345189,1036075,11763430,854193,4614750,6933,6383897770223947.0,481314260997450.0,474788835381608,157535308885352,6151024054343095,184002152314150.0,853360688045979.0,5921336985571
2016-11-01,2016,11,73958615.89341833,19794077,53233568187.574974,59093.63303741,42851527.864,12102,726.0595715726087,650274,928.949341604404,14484454,3825926,1471595,1258599,12680138,835442,5019898,12102,6406829461923277.0,466815001622942.0,516307762491873,170775945179901,6219961390888586,199970895954454.0,805153357318892.0,5909363303741
2016-12-01,2016,12,53898056.3711008,20385739,44854685426.8439,61658.61654059,50916163.99600001,11847,825.486381463655,724965,801.6206506004875,14969322,3920473,1484097,1386534,13351002,884272,4763931,11847,4434977445030450.0,457799891640053.0,490862438785518,204098352566766,4069763266923269,190110483792713.0,925833533827332.0,6165861654059
2017-01-01,2017,1,64805024.16078296,20927171,58792803952.983116,64872.69498015,59165039.746,9269,915.4417363090719,709002,837.9296546698525,15235950,3910053,1771899,1248043,13762192,864898,5052038,9269,5508919600717488.0,430284692423488.0,534810853439305,198714879384512,4871730026062790,175766341503953.0,1234291169127041.0,6487269498015
2017-02-01,2017,2,55509297.72443252,19803507,59167522537.13136,57698.65265198,61581348.081,5995,1067.187130512126,601068,667.6195245711832,14564372,3592929,1640211,1167848,13356830,728023,4550806,5995,4859372634177608.0,311917572121388.0,373869700879058,156936089826381,4447274214486137,147963471216693.0,798755996914041.0,5769865265198
2017-03-01,2017,3,92355466.26129805,22027881,103234193349.6723,64896.51397809,73219744.265,7181,1131.3918046177255,725737,676.0304864143337,16099155,3839765,2081780,1199312,14216664,990791,5621114,7181,8174537472907346.0,462406357520726.0,592113144303924,247490540283547,7016941868748844,429855810071790.0,1541258407025624.0,6489651397809
2017-04-01,2017,4,81179713.71365754,21631046,98286372595.69363,61850.57307868,75532733.264,10193,1221.5334924377917,727976,659.2006314360335,15878479,3826939,1915435,1058524,13498182,1018094,6056246,10193,7223293463378104.0,416922755319592.0,471570095360190,195364982599340,6153946761570816,381749430810845.0,1386910196384753.0,6185057307868
2017-05-01,2017,5,94763059.41649067,24872007,180452660353.92984,72331.18006531,137622101.82799998,8088,1894.5867654906428,701831,611.6628414157394,18424789,4408973,2030157,1304127,16385666,1099419,6082795,8088,8143926172608428.0,662723660674470.0,662422990359639,254514665990411,7432260631542379,464622960588085.0,1324907683528193.0,7233118006531
2017-06-01,2017,6,87277319.77538663,20790054,227488509262.42337,68348.66104948,178954026.63799995,6793,2617.9445724512107,664753,590.6919464183652,14608249,4083173,2091839,1132995,12764806,1040531,5851722,6793,7484105208586453.0,493694902056055.0,743097000791207,222959552347773,6898681790413349,410755271564433.0,1195335363213108.0,6834866104948
2017-07-01,2017,7,91429198.67716606,18965204,231757165077.75406,67525.41172176,169404068.824,8262,2505.3623911451327,794592,615.3870941274109,13344845,3591290,2020807,890076,11521862,939553,5613713,8262,7779943927427973.0,511829959025448.0,844393440091009,249816718815918,5451154308618016,350283649864928.0,3091665190417744.0,6752541172176
2017-08-01,2017,8,69840304.51233464,20487132,267113706612.49146,63545.65217585,246861475.06399998,9170,3917.346206888112,771891,605.447363275557,14340495,4000604,2136863,941892,12488518,1084898,5971824,9170,5394079781541352.0,705037464163319.0,878558640311209,303768981056379,4637487575913350,360946568430068.0,1681827325833668.0,6354565217585
2017-09-01,2017,9,67568412.3487177,19296089,277477900889.2328,66029.94199145,271949123.202,9900,4113.6285462314645,713262,598.3668549849161,13737414,3519545,2029230,845467,11866204,1060602,5523816,9900,5409417406469672.0,407812688662227.0,933008145540726,202856432606634,4900971038006897,259330058247134.0,1393683706011105.0,6602994199145
2017-10-01,2017,10,57267330.51470693,23031467,308748892085.69977,65767.4085503,352897317.84200007,9918,5390.248601868922,982362,626.9627292719301,16804396,4011015,2206138,1083119,14702134,956580,6289634,9918,4840710996042819.0,416106749322014.0,463338565250830,183788224896765,4415440961150818,211373635104514.0,916130230318596.0,6576740855030
2017-11-01,2017,11,99428736.48623006,25098423,773042417966.0457,64559.29042149,506405328.3060001,9177,7898.781677434821,1091112,785.2109957301943,17823411,4499651,2766184,1069441,15309054,1013115,7706813,9177,8783944937803449.0,548632832630327.0,603839949147081,257814416004412,6909849751486328,626282545052046.0,2148926936080220.0,6455929042149
2017-12-01,2017,12,74965030.6612804,30722655,1149952757073.6404,88768.50108749,1379529235.8300004,15141,15256.926396533241,1623882,811.5486498626087,22566333,4888402,3252779,1182447,18401526,1447314,9691368,15141,6185452817347567.0,472842062453519.0,829331336218204,270877929496968,5269895328426555,343593493506633.0,1612136314697883.0,8876850108749
2018-01-01,2018,1,63310974.48926922,25748376,833700559618.8989,78308.88519729,1019752096.4459996,10601,13250.52789330055,1381010,707.8270095776812,18191778,4295959,3250038,970373,14210312,1416986,9150705,10601,4999718767319136.0,492677339813381.0,830870453274676,200032990226441,3464002415674607,314729612177404.0,2352332430848470.0,7830888519729
2018-02-01,2018,2,37505539.48161382,15087317,350061930999.1638,57152.49076695,534638538.29699993,9630,9363.47918497404,850032,812.2546700025189,10443561,2555512,2078614,751066,8105500,1043505,5187246,9630,2722151279530379.0,372145598477726.0,650541821076582,144289894114535,1563438559424025,329310210799653.0,1713515283823169.0,5715249076695
2018-03-01,2018,3,35206016.2015524,15878705,311490870202.2014,59143.17873304,534082369.801,10749,9051.476918958115,918307,808.5520323293833,10983509,2944353,1940094,713418,8715038,1238351,5211898,10749,2617959699406296.0,334451598608912.0,562276004266728,98075028396867,1690966613948868,491718274990802.0,1239841702818703.0,5914317873304
2018-04-01,2018,4,37147933.73468898,16042656,301804202114.9337,58553.43427768,468427345.37200004,10195,8109.013085429583,952140,712.2313304077468,11019086,3126538,1886837,639900,8855148,1398455,5149153,10195,2519854602384749.0,340210165508620.0,848873262147761,88752999689610,1660508298693228,499620196614699.0,1465911878471361.0,5855343427768
2018-05-01,2018,5,33687505.6863427,17020268,284677759313.48206,59910.42592479,503283870.512,10475,8452.405352254951,1012900,676.6137592069033,11760619,3403527,1845647,664229,9453830,1573698,5328511,10475,2400022908758975.0,348393736314926.0,614342880967890,93343948308836,1839705111580628,482501518817254.0,953199989927552.0,5991042592479
2018-06-01,2018,6,36833101.80593883,15892866,249129277470.63348,58549.744916,396801552.84799993,12366,6781.5217038819,1093672,659.83248844014,11084240,3089755,1706505,645109,8760078,1601174,4886505,12366,2861880447423374.0,301125263055346.0,514449495623563,68050710569343,2016365297907388,751389623093207.0,847504549023945.0,5854974491600
2018-07-01,2018,7,28070184.89149655,17338838,199725652513.76596,58806.53571691,421143306.621,13793,7162.859894259055,1210506,606.1944812507039,12159777,3407023,1758245,708052,9809950,1732381,5088455,13793,2056802832033010.0,286560547716851.0,457774455828103,80008190370792,1750647179151209,340132698462324.0,636230421165330.0,5880653571691
2018-08-01,2018,8,30053761.09274757,18133738,201348455292.33786,60681.55706457,405136957.89199996,15102,6681.519622360629,1122432,542.4049880097707,12909492,3517806,1691338,743984,10496398,1565963,5327393,15102,2256131093643225.0,329616101940677.0,413560757984398,80252807374144,1883138907779610,374913414699903.0,667070979421100.0,6068155706457
2018-09-01,2018,9,27336697.54399753,17804126,180053149215.2533,55869.48894473,367880973.00499994,12201,6586.872724919174,1086700,501.07348443127785,12748071,3485374,1558480,727889,10804328,1624775,4647134,12201,2055496977756176.0,312015684173216.0,360570143575888,74745557797712,1797245324981025,335602419650628.0,526076451970388.0,5586948894473
2018-10-01,2018,10,26340209.8914503,19369938,168863473490.27307,55333.13335829,354917533.072,10515,6415.2491724618685,1583298,474.08106207695505,14020270,3739402,1599751,811493,11950690,1772806,4834949,10515,1934501613077829.0,300270548257789.0,393715514473583,75469161527093,1708160003541069,264826567618511.0,585565256458357.0,5533313335829
2018-11-01,2018,11,31453629.92887298,20076922,161769002566.71805,49295.75718937,265894802.37800005,9893,5366.154113777867,1845868,472.62380453465846,14846944,3645663,1574422,822758,12819228,1870278,4564658,9893,2161180389698109.0,407765221852515.0,571487805617737,119484044187474,1953426284471291,354986502474453.0,717466161754080.0,4929575718937
2018-12-01,2018,12,36721147.9090278,20202793,135034501479.31714,55388.01906269,203615240.05099994,10552,3667.4884434196097,2478501,407.450678208006,15043086,3656178,1492977,860473,12958342,2017053,4366925,10552,2525576963591351.0,477076016640874.0,663923008764286,172993501924252,2310757189317478,427518227672769.0,760845871988281.0,5538801906269
2019-01-01,2019,1,34558716.11591502,22249962,125160131438.01768,57209.08809216,209560930.12299997,11217,3652.6748160893694,3237635,365.69102380525294,16909699,3832883,1496163,895269,14775912,2270706,4308075,11217,2658722197998949.0,353817183286101.0,437611321497236,115207000999472,2421912762224684,348540438996943.0,570211409370403.0,5720908809216
2019-02-01,2019,2,51721204.11142041,22183555,186807241160.47086,52273.80581175,191115702.56599998,10205,3662.2666472381056,3364798,345.11409356566014,16994104,3651951,1527295,879797,15036322,2014950,4252486,10205,4405035153154475.0,363287061084669.0,398570816321722,88173279404495,4030060501450944,425243048960812.0,628643581325790.0,5227380581175
2019-03-01,2019,3,39733242.94276815,23708997,155501437730.10886,57836.66672386,227022266.21800005,10851,3926.5216777164305,2615553,368.07694854507054,17283232,4525564,1889350,1081477,14088740,3288736,5250044,10851,3121791873629819.0,425831989416588.0,419916764558022,95715087939034,2328367031975649,669347078285226.0,879895096076906.0,5783666672386
2019-04-01,2019,4,45376890.1225507,27574109,233521870398.57303,56842.04312509,292487793.73800004,10399,5144.126175181916,4173892,396.85493127225004,20752832,4684704,2126174,1078846,16690616,3985259,5819388,10399,3613601586532127.0,395396384764986.0,523006836645448,107321785147986,2484536140594845,989968375899131.0,955862710613108.0,5684204312509
2019-05-01,2019,5,38814609.68713861,30298831,285955150716.59094,63347.00718266,464697454.9089999,11642,7301.258471216675,4196995,400.1682659596379,21903834,5587887,2795468,1285319,15899654,5945401,7168457,11642,2948930995918589.0,406411397540897.0,519783874536109,114829763872849,2316624988743323,643480876257617.0,806525339840072.0,6334700718266
2019-06-01,2019,6,50260256.35085253,28559786,475176543566.491,60285.75441164,569911583.919,12567,9454.88526653385,3767102,472.4530657661541,20149419,5406875,2990925,1269163,14371050,5250824,7668749,12567,4067168268563832.0,461086814277217.0,491741976803040,101085341287599,3270003807760826,655798734136257.0,999137751900571.0,6028575441164
2019-07-01,2019,7,59023682.75257718,26906325,632379947653.3229,61397.92047002,655546968.6610004,14179,10709.077038865144,3789845,515.8445495493328,19826944,5165435,1899767,1215497,14665330,4429017,6596481,14179,5047708886399436.0,322452770274317.0,526066826536963,100243644158792,3300497169955135,735326755015329.0,1766300706128462.0,6139792047002
2019-08-01,2019,8,75442210.00026523,26111460,786246038596.6392,59840.4175228,636047958.9340004,14325,10626.97207396758,3967416,465.5758400794562,19057430,5282483,1757222,1121595,14599500,4486386,5903979,14325,6917167976555664.0,311867292433613.0,309201689284966,104198844584905,3700853472396731,1346845396545878.0,2392323286499009.0,5984041752280
2019-09-01,2019,9,29617120.21366653,24792396,288841450336.55035,58922.10154587,578304353.448,14131,9802.720620112743,3532918,423.89679243299173,18414910,4620822,1742533,1129383,14167746,3964952,5530315,14131,2229488922447989.0,341746632027200.0,384584256736877,147894311777314,1688116190140339,482122928347431.0,643578591101569.0,5892210154587
2019-10-01,2019,10,30017561.34842564,24421960,254403415193.27768,57572.28746283,481478309.57400006,14045,8373.317206599202,3123507,355.8666013719719,18404623,4338532,1664760,1131932,15072896,2973486,5243646,14045,2341743045145941.0,341109266373399.0,313146594576941,95708881154074,1603054634330400,509597102892994.0,793395516465096.0,5757228746283
2019-11-01,2019,11,32075777.59111695,22972280,267336370948.0893,54027.27744163,450769871.77199996,13572,8338.359824620227,2567565,351.9283477261588,17012207,4127645,1818856,1215666,13694856,2700474,5361284,13572,2426997082641564.0,379373788248623.0,395804160477345,129170965678146,1544397338058550,810508121638145.0,723501333736854.0,5402727744163
2019-12-01,2019,12,30055194.20189818,22944901,217632129713.97205,58096.00098869,421071027.49099994,14963,7243.734012899533,2504800,319.08412925657876,17341830,3998888,1589220,1151875,14517602,2266354,5009070,14963,2264097077361380.0,402546461644732.0,333066281084837,102234065688788,1815121264426650,579257472164786.0,508906617909594.0,5809600098869
2020-01-01,2020,1,27217984.34070819,23345006,230397183477.65976,59893.20798284,500075802.144,15944,8379.967005497498,2346216,298.9982304013328,17526116,4100842,1702104,1216584,14906524,1988735,5233163,15944,2038024621690998.0,335709639170500.0,342074852411037,129300069355212,1664839285166910,434786965871992.0,492872113676705.0,5989320798284
2020-02-01,2020,2,28744688.58461669,22790982,277607030535.3639,52669.21227813,507846724.23600006,13889,9643.773091566762,2134075,289.67817661674417,17062924,4026196,1687973,1266295,14494754,1956802,5073131,13889,2115460511167675.0,389783568900127.0,363957857166054,147845088238344,1719261659406387,479724543450611.0,527637567366327.0,5266921227813
2020-03-01,2020,3,34004899.61241197,22874506,226115671231.90292,54311.79744193,380010467.72400016,14363,6965.012497598146,1846817,284.1149566544233,16563548,4393815,1902780,1401476,12980308,1999288,6493434,14363,2223090379275087.0,576227736686312.0,595740665535605,178524851960283,2063281700910051,397912112668542.0,760771295702321.0,5431179744193
2020-04-01,2020,4,28069288.4856086,23222262,205740342475.57205,57152.14615101,411806241.6089999,15368,7245.2411789366415,1676918,247.7238570259879,16833825,4456980,1916089,1416479,12571114,1844166,7390503,15368,1940517916684980.0,421118648945470.0,439577068315309,126942076288561,1643285121037866,373848079766376.0,662853571468057.0,5715214615101
2020-05-01,2020,5,29753602.29852334,24534430,276193708081.97943,39956.11252931,368332750.16200006,14025,9263.926570513371,1458872,242.2174298909379,17534665,4797962,2187778,1751143,12622176,1914979,8246132,14025,2177113862454608.0,380666399541841.0,413584356602954,171018958140060,1779925980709732,396382355687848.0,628032935314694.0,3995611252931
2020-06-01,2020,6,28993410.36407701,24538223,275125779576.3557,29662.04901229,281322493.564,15324,9481.861235167546,1678003,187.75800489493892,17653360,4821380,2048159,1656574,12965726,1843301,8072622,15324,2120978584804859.0,446865095425303.0,328531151276310,210855242335832,1806425021295975,352688115767818.0,529372657008076.0,2966204901229
2020-07-01,2020,7,28980769.3946576,27304929,279915608352.04614,31183.64721386,299945933.6989998,15346,9614.40951304335,1504261,165.38671073618667,19411634,5539090,2338859,1998097,14288452,1700589,9317791,15346,1961432336979778.0,594979708284704.0,338546529479892,320941573956861,1697879163037979,313641731423541.0,565614471047379.0,3118364721386
2020-08-01,2020,8,45731268.43207759,27462239,534140913574.4105,31708.30693125,369215226.66700035,14815,11645.253899298195,1687289,156.39377900312758,19642632,5303400,2501392,2018566,13554298,1674028,10215347,14815,2281253888012854.0,1880425327100724.0,408276797401056,1643444799040069,2005010544572496,306765352082355.0,617906147512839.0,3170830693125
2020-09-01,2020,9,83592670.82390642,26872215,889850107716.5546,30724.40380244,327199284.6710001,14011,10655.274797563941,1767056,134.29105769611584,18621635,5509666,2726903,1856834,13202086,1645411,10167884,14011,3362338640574717.0,4527685679962866.0,466170321472815,4270180358375704,3166283135962883,282534306874089.0,640269281177966.0,3072440380244
2020-10-01,2020,10,76467568.74633954,26324924,914218437656.277,29773.33927535,352923839.4340001,13446,11856.347813689283,1685463,140.39246684196317,17950531,5453064,2907883,1900277,12848316,1526185,10050146,13446,4255436553089763.0,3021452158234451.0,366890829382205,2703079407930330,3969716672447213,335508957298984.0,638451836957427.0,2977333927535
2020-11-01,2020,11,66722518.07689676,26081599,1109345774380.8108,31394.42752036,522207951.16599995,14735,16712.034888915892,2154229,108.63351929094952,17545686,5193686,3327492,2001538,12501514,1468426,10110121,14735,3904363090169905.0,2314546343753621.0,450202931014114,1983047353260438,3696255783457103,312735611673577.0,680213059298558.0,3139442752036
2020-12-01,2020,12,58601168.5175417,28175911,1300025936766.4446,31259.3097547,692153581.9529997,15609,22062.178005723188,3108632,79.70723940898272,18789210,5464395,3906697,2243993,13075960,1564338,11291620,15609,3157422240248352.0,2203000304730431.0,496568375799917,1838231057224514,3072124986050826,337975759906331.0,611785048572499.0,3125930975470
2021-01-01,2021,1,48065910.35932621,23392335,1701248329270.6963,25297.69753536,893625243.914,12549,35414.884955899084,6056334,39.539173537691575,15586460,4545236,3248090,1913491,10274770,1373593,9830481,12549,2265375721339718.0,2123262387605867.0,415423157233500,1830011473462567,2129786945442429,244204416998327.0,602588200029298.0,2529769753536
