,year,month,sum_btc_no_change,count_no_change,sum_USD_no_change,sum_mining_btc_no_change,sum_mining_USD_no_change,nb_mining_no_change,PriceUSD_no_change,nb_unspent_no_change,mean_spending_time_no_change,nb_input=1_no_change,nb_input<5_no_change,nb_input>=5_no_change,nb_outputs==1_no_change,nb_outputs==2_no_change,nb_outputs<5_no_change,nb_outputs>=5_no_change,nb_mining_no_change,sum_input=1_no_change,sum_input<5_no_change,sum_input>=5_no_change,sum_outputs==1_no_change,sum_outputs==2_no_change,sum_outputs<5_no_change,sum_outputs>=5_no_change,sum_mining_no_change
2009-01-01,2009,1,3675.0,8,,,,0,,0,20885.525208333333,0,1,7,8,0,0,0,0,,10000000000.0,357500000000,367500000000,,,,
2009-02-01,2009,2,6965.06,15,,,,0,,1,15794.570218253968,7,3,5,8,7,0,0,0,1506000000.0,40000000000.0,655000000000,695000000000,1506000000.0,,,
2009-03-01,2009,3,8050.33,9,,,,0,,0,15266.268672839506,1,1,7,8,1,0,0,0,33000000.0,15000000000.0,790000000000,805000000000,33000000.0,,,
2009-04-01,2009,4,7400.0,5,,,,0,,0,11243.299833333334,0,0,5,5,0,0,0,0,,,740000000000,740000000000,,,,
2009-05-01,2009,5,6373.53,9,,,,0,,0,19796.101882716048,1,3,5,6,3,0,0,0,3000000.0,17500000000.0,619850000000,562500000000,74853000000.0,,,
2009-06-01,2009,6,4225.0,6,,,,0,,0,22140.881296296295,2,2,2,4,2,0,0,0,3001000000.0,19499000000.0,400000000000,419499000000,3001000000.0,,,
2009-07-01,2009,7,6200.0,3,,,,0,,0,26382.06574074074,0,2,1,2,1,0,0,0,,20000000000.0,600000000000,20000000000,600000000000.0,,,
2009-08-01,2009,8,8098.53,4,,,,0,,0,13301.518263888887,0,0,4,2,2,0,0,0,,,809853000000,79853000000,730000000000.0,,,
2009-09-01,2009,9,13000.0,10,,,,0,,0,7142.064861111112,0,0,10,9,1,0,0,0,,,1300000000000,800000000000,500000000000.0,,,
2009-10-01,2009,10,60949.76,12,,,,0,,0,3778.392337962963,0,1,11,11,1,0,0,0,,20000000000.0,6074976000000,5594976000000,500000000000.0,,,
2009-11-01,2009,11,61850.0,11,,,,0,,0,855.698106060606,5,0,6,6,5,0,0,0,500000000000.0,,5685000000000,5685000000000,500000000000.0,,,
2009-12-01,2009,12,15838.93,16,,,,0,,0,2444.2594097222222,3,3,10,12,4,0,0,0,2100000000.0,46500000000.0,1535293000000,1577400000000,6493000000.0,,,
2010-01-01,2010,1,42033.75,28,,,,0,,0,5498.353432539683,3,7,18,23,5,0,0,0,25000000000.0,82366000000.0,4096009000000,3058609000000,1144766000000.0,,,
2010-02-01,2010,2,157667.53,91,,,,0,,0,6660.294764957264,9,35,47,82,9,0,0,0,1930170000000.0,3138420000000.0,10698163000000,12289564000000,3477189000000.0,,,
2010-03-01,2010,3,144246.33,105,,,,0,,0,3576.792291005291,4,40,61,92,13,0,0,0,80200000000.0,877438000000.0,13466995000000,11729199000000,2695434000000.0,,,
2010-04-01,2010,4,190060.65,405,,,,0,,2,1871.0017790184727,75,213,117,301,104,0,0,0,1610309000000.0,4868877000000.0,12526879000000,15191341000000,3814724000000.0,,,
2010-05-01,2010,5,328390.56,486,,,,0,,0,986.0399879972566,79,237,170,419,67,0,0,0,4567538000000.0,4997494000000.0,23274024000000,24133614000000,8705442000000.0,,,
2010-06-01,2010,6,380047.66,470,,,,0,,13,1976.6280664964747,104,223,143,390,80,0,0,0,6125918000000.0,7538812000000.0,24340036000000,27663339000000,10341427000000.0,,,
2010-07-01,2010,7,628874.09,1375,14317.509000000011,,,0,0.06648781587993419,6,3371.056458891324,404,723,248,892,483,0,0,0,16085003000000.0,16591208000000.0,30211198000000,42057326000000,20830083000000.0,,,
2010-08-01,2010,8,394843.3099962,1453,25711.317999999996,,,0,0.06495556938067766,13,1723.2035831404326,417,776,260,809,644,0,0,0,5406288000000.0,14904571999610.0,19173471000010,26596508000000,12887822999620.0,,,
2010-09-01,2010,9,556165.80959152,2405,34376.79800000005,,,0,0.06191567347042278,145,1214.2959454277286,960,1104,341,1481,924,0,0,0,10874745000000.0,15932349998740.0,28809485960412,34426698000000,21189882959152.0,,,
2010-10-01,2010,10,1541826.185,2746,152420.76100000003,,,0,0.1049303497334987,195,1072.8790245655302,1003,1321,422,1710,1036,0,0,0,38177397500000.0,49690234000000.0,66314987000000,101363435000000,52819183500000.0,,,
2010-11-01,2010,11,664172.63,10191,178693.11400000003,,,0,0.2777147165807327,17,232.68240640630813,8005,1621,565,9474,717,0,0,0,14573510000000.0,25746025000000.0,26097728000000,45960063000000,20457200000000.0,,,
2010-12-01,2010,12,547209.94366235,1947,133061.06999999995,,,0,0.24559736714096148,4,1585.114699205123,560,1039,348,1026,921,0,0,0,9290897726928.0,17630745862839.0,27799350776468,29232682000000,25488312366235.0,,,
2011-01-01,2011,1,536343.5292531,7677,195608.9039999964,,,0,0.3632132208206015,8,853.4571084887232,4585,2380,712,4915,2762,0,0,0,4453111517303.0,16815550426522.0,32365690981485,25885008000000,27749344925310.0,,,
2011-02-01,2011,2,552860.04971268,6403,499953.0100000004,,,0,0.9330610718631044,55,1901.6816600154013,2202,3220,981,2531,3872,0,0,0,5948533145728.0,21760938562514.0,27576533263026,24218283000000,31067721971268.0,,,
2011-03-01,2011,3,1917002.16164886,42890,1631720.5670000112,,,0,0.8346971114397772,368,839.8538541617802,19817,20334,2739,18854,18968,10,5058,0,8901749980000.0,149787131223903.0,33011334960983,22292574575096,167775543589790.0,14514000000.0,1617584000000.0,
2011-04-01,2011,4,3519602.67335191,44957,4533967.544000009,,,0,1.3638740084873286,727,2353.4371129135557,8634,26563,9760,7520,17127,21,20289,0,20120062167037.0,277891438766088.0,53948766402066,43490051759796,302352622575395.0,18675000000.0,6098918000000.0,
2011-05-01,2011,5,2401605.03862937,86163,15394879.768000128,,,0,6.543286562256484,1183,2685.337760129829,16883,53783,15497,14311,30462,73,41317,0,12398669995802.0,149848296312506.0,77913537554629,66274677421453,167566466569438.0,7885247974.0,6311474624072.0,
2011-06-01,2011,6,2851098.95953437,188844,52422735.92100291,,,0,18.35827211462947,4157,3579.1331920582775,51488,110076,27280,22728,72298,217,93601,0,16074286390136.0,72388063900730.0,196647545662571,61367965096433,217771319074946.0,101773948315.0,5868837833743.0,
2011-07-01,2011,7,1177894.73011042,159071,16550521.130001046,,,0,14.045947931944609,3788,4028.8503373214,45054,93191,20826,13997,66795,740,77539,0,11775023063180.0,54571712731613.0,51442737216249,26948696254600,86310154638563.0,95697560798.0,4434924557081.0,
2011-08-01,2011,8,1106216.08430387,135462,10898960.485000363,,,0,10.097192927867413,2919,3825.9796014438316,38746,78637,18079,13360,64072,656,57374,0,11745303875515.0,54016328156389.0,44859976398483,23801822518978,83302567475461.0,86344755401.0,3430873680547.0,
2011-09-01,2011,9,1178943.24994006,120956,6909036.391000008,,,0,6.107618643085676,9966,3759.424090040649,38531,67988,14437,9279,53443,858,57376,0,12763075017209.0,48424633097912.0,56706616878885,18401420743435,96617499920155.0,40474309634.0,2834930020782.0,
2011-10-01,2011,10,1479999.14333819,92032,5213648.094000025,,,0,3.661162859652715,1980,3235.616934123246,28028,51382,12622,6698,49165,708,35461,0,24391778054315.0,69270809401824.0,54337326877680,23387505699948,122072906554991.0,142561057423.0,2396941021457.0,
2011-11-01,2011,11,16916050.70192927,109426,44442016.402000144,,,0,2.6435751521855146,1745,3003.2708928868083,47348,50455,11623,5777,69342,443,33864,0,183961758230700.0,1390630385654204.0,117012926308023,87772333025089,1600665460595049.0,203227979312.0,2964048593477.0,
2011-12-01,2011,12,16383124.66730311,142666,50004424.617000096,,,0,3.477788207428466,2359,3056.626700728875,73409,56813,12444,6139,97194,635,38698,0,125801090064163.0,1454168203118441.0,58343173547707,159642037988553,1473958936753470.0,502075847571.0,4209416140717.0,
2012-01-01,2012,1,2393626.12687871,178151,14625769.142000018,,,0,6.142773144548312,2886,3008.9744964339757,88967,72090,17094,7954,117762,1073,51362,0,39455585399019.0,120676503545685.0,79230523743167,39823610047203,192067531484117.0,2355920622557.0,5115550533994.0,
2012-02-01,2012,2,2547850.15794566,182186,12898669.659999698,,,0,5.114115172615624,2202,2263.371366704828,80707,83973,17506,7125,133340,1593,40128,0,38852930331837.0,137737708977691.0,78194376485038,25932279199471,222686667717386.0,1102166565273.0,5063902312436.0,
2012-03-01,2012,3,2614675.94331886,175542,12815324.632000078,,,0,4.908057005019077,2491,2519.5832961750552,89841,68738,16963,7137,118476,1152,48777,0,41073998944947.0,146286029501926.0,74107565885013,24092355013445,229660015889670.0,1013252370627.0,6701971058144.0,
2012-04-01,2012,4,3296835.94275764,190202,16503750.993999904,,,0,4.997644394419612,2881,2367.5574337219105,96560,75532,18110,7927,133712,1699,46864,0,52219635443582.0,162572917854642.0,114891040977540,30752900164635,291718742353947.0,570853829652.0,6641097927530.0,
2012-05-01,2012,5,4016635.90971694,630392,20371209.46199906,,,0,5.084449306836333,5298,736.2072059566719,314034,277107,39251,8203,554756,9138,58295,0,71867736346138.0,177077838867127.0,152718015758429,36005789739757,353010474745083.0,2068663375125.0,10578663111729.0,
2012-06-01,2012,6,4663546.91512895,984128,28150220.79700093,,,0,6.027254095162093,15404,478.233881177718,535759,378887,69482,8614,834137,10697,130680,0,96444011821882.0,205210874225112.0,164699805465901,36295838116898,414514090867955.0,2281285113470.0,13263477414572.0,
2012-07-01,2012,7,4635334.81343297,721136,36880688.347,,,0,8.084987233234095,13512,626.9514040079488,394377,263616,63143,9940,560352,48059,102785,0,95459225332401.0,204059219744813.0,164015036266083,41582496848046,397804967672492.0,7592341418945.0,16553675403814.0,
2012-08-01,2012,8,4302216.91915824,829399,46915334.9240002,,,0,11.033721531632251,24941,723.0556475363918,470780,295994,62625,13012,679281,25811,111295,0,87905634514548.0,204079524786831.0,138236532614445,39260517340764,374556259582177.0,6078279923409.0,10326635069474.0,
2012-09-01,2012,9,3524651.26105466,813024,40847723.70000012,,,0,11.53321969184322,15812,859.7360395506097,454484,290493,68047,10694,653473,25652,123205,0,63361894731800.0,177108979951129.0,111994251422537,30534628423842,308969982646843.0,7174363533285.0,5786151501496.0,
2012-10-01,2012,10,4205631.23192727,858059,49301629.71000106,,,0,11.799744251027764,14450,1627.3701852368822,472978,314068,71013,12986,664833,37311,142929,0,77718026830287.0,200985734880670.0,141859361481770,37379254108385,367208604318382.0,8905453994401.0,7069810771559.0,
2012-11-01,2012,11,3838191.19255462,862804,44312769.01900052,,,0,11.554262564310841,13827,738.3256487494149,456832,333949,72023,14302,674251,41096,133155,0,75862005350486.0,189265404462840.0,118691709442136,33960269624047,308396012995287.0,32855896294625.0,8606940341503.0,
2012-12-01,2012,12,5558057.40815881,1062622,74614696.53500016,,,0,13.40223459278248,23535,529.8645154407985,550467,419560,92595,15168,819157,72098,156199,0,91946866540146.0,272704208801379.0,191154665474356,37839647955111,363884064323807.0,107287581446561.0,46794447090402.0,
2013-01-01,2013,1,8556531.85011602,1277149,140525435.19200206,,,0,15.82277526865654,20628,501.54222143455206,684217,495028,97904,18607,1033875,84941,139726,0,125542994140788.0,373264381393052.0,356845809477762,48348543971592,439624150842904.0,220490285723868.0,147190204473238.0,
2013-02-01,2013,2,5835033.92104929,1533976,151176841.00499877,,,0,26.265306926540426,23865,460.541624029805,799482,618608,115886,19974,1236088,104673,173241,0,84650022956076.0,303810730404431.0,195042638744422,50801219783570,389741776424763.0,97734538749233.0,45225857147363.0,
2013-03-01,2013,3,6278803.63981599,1737163,364739576.9929839,,,0,57.25824743795605,23400,660.5126542150595,871159,710972,155032,34170,1298300,139158,265535,0,92467295282237.0,341016436032946.0,194396632666416,62930553417948,417576784374859.0,92017371323112.0,55355654865680.0,
2013-04-01,2013,4,7083067.41607504,1853599,909079923.7279565,,,0,129.14371092856206,63273,1423.1854785894245,900687,796514,156398,51605,1210701,167430,423863,0,96103367808652.0,400344197283868.0,211859176514984,100190858421190,439738810751483.0,108540125010973.0,59836947423858.0,
2013-05-01,2013,5,4912271.20404742,2010433,572799394.996965,,,0,116.95452960145487,76493,1125.6348527216578,1001814,854724,153895,41071,1412092,154491,402779,0,67011272128533.0,268121990555637.0,156093857720572,43428727649035,301462347442024.0,98429138183392.0,47906907130291.0,
2013-06-01,2013,6,4733676.95567049,1487962,497229534.386927,,,0,105.93433950158801,12266,612.3265291827626,643844,718586,125532,33500,1083615,167032,203815,0,58878362984239.0,267884588911237.0,146604743671573,43635913860767,280983235867287.0,97577699696608.0,51170846142387.0,
2013-07-01,2013,7,6361134.04532425,1325026,546055464.0150365,,,0,86.26375594963497,9959,703.8094574258264,521080,695913,108033,38491,883156,194049,209330,0,84413835307088.0,370906261650940.0,180793307574397,52908681218872,325921692354842.0,166068140779167.0,91214890179544.0,
2013-08-01,2013,8,5621930.629808,1884412,583830500.2080151,,,0,103.87826322333427,8309,444.42112984675384,803779,908179,172454,41717,1364511,220747,257437,0,90194590633459.0,285421978288401.0,186576494058940,48490813443120,337450095921839.0,121431217367999.0,54820936247842.0,
2013-09-01,2013,9,4751889.468267,1720324,592443090.1189688,,,0,124.52477933045785,8204,505.049845519499,757648,826325,136351,44273,1263837,185672,226542,0,82563542017611.0,242661055733708.0,149964349075381,51905258066304,274281580050070.0,108989829375396.0,40012279334930.0,
2013-10-01,2013,10,6127023.98234426,1905182,950915065.733999,,,0,156.06402867770953,29199,637.4431747868222,818608,907499,179075,56887,1237227,263433,347635,0,122240358618396.0,296728576261906.0,193733463354124,87304983815741,348271066303493.0,128684186922172.0,48442161193020.0,
2013-11-01,2013,11,9298862.90290527,2465130,5499036113.5222435,,,0,597.8018130354475,22725,859.8879035773986,764368,1310281,390481,105493,1357707,444317,557613,0,143038120016722.0,428448929214746.0,358399241059059,106689042112042,486946919101883.0,197155453993705.0,139094875082897.0,
2013-12-01,2013,12,6519151.0343721,2752163,5179089002.87603,,,0,795.054077042586,25575,1243.2857323516027,826792,1444849,480522,105792,1378847,466964,800560,0,77669628216019.0,319057356756948.0,255188118464243,90902002091695,299573842580895.0,146032659992309.0,115406598772311.0,
2014-01-01,2014,1,3999614.54499484,2703907,3279536039.566962,,,0,819.0725769440095,30824,1601.4791328899187,943262,1339851,420794,104106,1327006,397983,874812,0,55263102541777.0,189280716004376.0,155417635953331,47629930074105,200038425284264.0,89621595444775.0,62671503696340.0,
2014-02-01,2014,2,4876962.37418267,3003289,3132442615.032031,,,0,651.6078826414935,30666,1583.2440222680082,942240,1427891,633158,103920,1389182,381044,1129143,0,55837671795045.0,238123698877872.0,193734866745350,65340857175906,200157321837457.0,101067536959195.0,121130521445709.0,
2014-03-01,2014,3,4352175.12499853,3511652,2605588873.4428687,,,0,595.879792192721,41053,1628.935595847011,1072920,1640527,798205,113838,1538823,399703,1459288,0,72118820703210.0,160843263182514.0,202255428614129,60480126188786,220528548085714.0,23719160677640.0,130489677547713.0,
2014-04-01,2014,4,3867551.25503709,3407965,1783324304.7859867,,,0,462.5348070895822,40445,1517.6759289526765,1035761,1493190,879014,102139,1452809,395312,1457705,0,61704938663885.0,137907075822750.0,187143111017074,32425051447879,213465164971872.0,18453225844490.0,122411683239468.0,
2014-05-01,2014,5,3262277.14593067,3367203,1635798739.406957,,,0,489.8931383354614,40370,1513.3868897614075,1123772,1507532,735899,114523,1539303,380485,1332892,0,51380642510306.0,106570515124186.0,168276556958575,62916113526251,161590306663434.0,17848172988720.0,83873121414662.0,
2014-06-01,2014,6,3463549.76446584,3577902,2127142712.9489603,,,0,614.9706467311332,49060,1548.8202032307936,1159452,1449465,968985,110198,1402492,376042,1689170,0,49951924711364.0,110182150436933.0,186220901298287,39449922525213,182489306451159.0,18009739262145.0,106406008208067.0,
2014-07-01,2014,7,3259365.75822415,3933059,2011198469.5109441,,,0,618.0858652955932,62700,1529.9387164990662,1283129,1582178,1067752,120083,1472666,453827,1886483,0,48736702545180.0,104777959002283.0,172421914274952,31863122097922,157742268520341.0,18114461603849.0,118216723600303.0,
2014-08-01,2014,8,4229692.44073717,4185007,2260519103.163023,,,0,536.3464116399839,49698,1482.8838905216255,1324407,1712977,1147623,134103,1579188,451041,2020675,0,62416860052469.0,144250661131437.0,216301722889811,50410990609168,206064087177434.0,24790775033794.0,141703391253321.0,
2014-09-01,2014,9,4461744.99193045,4262435,1962297976.5859683,,,0,441.69109975325466,67937,1502.2348718643461,1491011,1688359,1083065,133337,1588756,448631,2091711,0,70633978154598.0,140676012273338.0,234864508765109,51546969356509,217848941762733.0,26756403067275.0,150022185006528.0,
2014-10-01,2014,10,5893465.73486382,4452984,2129093256.4819694,,,0,362.10779459387385,69358,1461.0502411903033,1630443,1670400,1152141,143931,1673553,442337,2193163,0,102448123767708.0,189548468518443.0,297349981200231,60394021993239,320624473674905.0,30332943856270.0,177995133961968.0,
2014-11-01,2014,11,6195542.16848921,4641597,2289264365.879061,,,0,366.55527309051223,60713,1547.7405873971845,1716849,1731785,1192963,146257,1771085,419581,2304674,0,89195058081805.0,198226439524152.0,332132719242964,78993134376419,341993324141519.0,28128549403446.0,170439208927537.0,
2014-12-01,2014,12,6510878.46847292,4585375,2243517012.970016,,,0,343.950464663721,58293,1490.1172017203048,1697473,1877985,1009917,159438,1884552,488340,2053045,0,103485444914343.0,255227783491443.0,292374618441506,67968859079821,396650399767029.0,33782652615178.0,152685935385264.0,
2015-01-01,2015,1,9147293.95492274,5070936,2241860022.6419325,,,0,248.0277537107699,59432,1513.9491566065421,1824130,2021515,1225291,174897,2021323,521698,2353018,0,131809932130581.0,324133731869687.0,458785731492006,96574086212672,489328535138309.0,45794220196073.0,283032553945220.0,
2015-02-01,2015,2,5779435.76894405,4741822,1352708909.8189359,,,0,235.33283601329484,58870,1463.022512971894,1662387,1984354,1095081,191076,1947236,476430,2127080,0,76343193859774.0,234408544930730.0,267191838103901,39361027353675,344096331806174.0,34536801251720.0,159949416482836.0,
2015-03-01,2015,3,6726035.39401311,5408008,1821559135.139936,,,0,270.141276758144,70686,1482.9968646079315,1872841,2356319,1178848,205861,2323343,523270,2355534,0,108866276453279.0,270987667265156.0,292749595682876,46102562465686,426182876989901.0,41212589454143.0,159105510491581.0,
2015-04-01,2015,4,5906598.29968337,5408452,1388331219.601966,,,0,235.69360947185595,65556,1368.7585183648723,1834849,2451956,1121647,175141,2486871,561039,2185401,0,79793365912077.0,259845335751728.0,251021128304532,43920012316370,376068848367887.0,36735187848626.0,133935781435454.0,
2015-05-01,2015,5,5941245.68412463,5764847,1407562005.812926,,,0,237.04927432597458,81119,1518.858178300352,1965744,2597353,1201750,183477,2588131,547968,2445271,0,81279320028110.0,257658895955440.0,255186352428913,38682322411398,378882754722322.0,37052262746546.0,139507228532197.0,
2015-06-01,2015,6,7707558.90570188,5927269,1841608808.0579948,,,0,237.77524625609018,79507,1345.03064396516,2091524,2660092,1175653,203436,2756154,563473,2404206,0,97686358193301.0,308559421849841.0,364510110527046,50073924132909,472835152933308.0,37436762140882.0,210410051363089.0,
2015-07-01,2015,7,7122186.81586327,5697029,1993559729.4688902,,,0,279.79158648040453,67573,1348.1009862576602,1817238,2592468,1287323,228721,2561006,549017,2358285,0,83393509041805.0,287787388171500.0,341037784373022,42728102793814,454421170111419.0,39427409632612.0,175641999048482.0,
2015-08-01,2015,8,8571656.11571063,5765416,2127110578.5980206,,,0,250.77702175675296,75773,1294.8696185057686,1935279,2556883,1273254,195775,2565386,566177,2438078,0,113425699547115.0,349465193930058.0,394274718093890,56916240763383,531211230692489.0,50269938853304.0,218768201261887.0,
2015-09-01,2015,9,7870998.36464714,5916897,1841688175.0930104,,,0,234.03656738727506,68215,1143.959429030758,1880074,2704871,1331952,239591,2714952,607557,2354797,0,105307860992135.0,325897685347398.0,355894290125181,52314737222936,491600008398151.0,39402792109904.0,203782298733723.0,
2015-10-01,2015,10,9247501.64692748,6560505,2503175208.709087,,,0,267.6332323582917,67017,1106.6975638473914,2064282,3199166,1297057,264017,2957006,761975,2577507,0,131613803907606.0,388843463293815.0,404292897491327,74201589248963,613959843598908.0,52690805601430.0,183897926243447.0,
2015-11-01,2015,11,13581214.73127086,7266350,4799674735.736978,,,0,349.97571798550473,68281,1140.743806668325,2289479,3438868,1538003,313384,3237034,768695,2947237,0,240675013575130.0,465875938860831.0,651570520691125,164662662261280,830443792299621.0,56775522819554.0,306239495746631.0,
2015-12-01,2015,12,12850658.09302417,8385516,5442878113.242882,,,0,425.6547777618282,66379,1076.8947514725382,2844306,3867069,1674141,416733,3947623,860815,3160345,0,223469553283327.0,449686497055866.0,611909758963224,173961401214116,758077598462852.0,38877976959257.0,314148832666192.0,
2016-01-01,2016,1,9219816.62986264,8699514,3748834047.268084,,,0,409.34862699758736,87666,1273.2469950738996,3006295,4109130,1584089,363854,3923034,1105368,3307258,0,116930383128271.0,377202168396874.0,427849111461119,85724254112520,559059995804381.0,44463258020177.0,232734155049186.0,
2016-02-01,2016,2,10240661.1997612,8226912,4143527234.5669384,,,0,403.3426267849319,72588,1160.8817230400205,2738906,4004651,1483355,366899,3764011,1121819,2974183,0,167236616848862.0,400846646314237.0,455982856813021,124691375981748,628243118004736.0,51341059916400.0,219790566073236.0,
2016-03-01,2016,3,9984106.79099085,6436562,4150033188.37295,,,0,415.330378150228,69739,1837.6340856165195,2567546,2322950,1546066,417031,2899258,280443,2839830,0,152632001145885.0,336339616229346.0,509439061723854,123826522949692,615622967819694.0,35952161614654.0,223009026715045.0,
2016-04-01,2016,4,8000787.22878525,6465560,3483031700.115857,,,0,435.22471823224186,68470,2069.1476949926196,2761592,2246137,1457831,399014,2970325,217903,2878318,0,151898442826604.0,279640090405836.0,368540189646085,85345533527801,524802596694714.0,31016093190343.0,158914499465667.0,
2016-05-01,2016,5,8717076.09519503,6733527,4095338602.6190333,,,0,462.930156171735,81205,2281.6841697290497,2969646,2503346,1260535,404881,3273704,260237,2794705,0,166600203429043.0,309147733393184.0,395959672697276,108767655201948,630461699811911.0,34406257386466.0,98071997119178.0,
2016-06-01,2016,6,10319164.809361,6506124,6676236555.9001,,,0,645.5166191891471,62937,1827.4512828974487,2987346,2343236,1175542,410576,3345978,246341,2503229,0,199295347514639.0,354868188531653.0,477752944889808,80039501222305,676321645157966.0,37364806932107.0,238190527623722.0,
2016-07-01,2016,7,7059068.25972021,6124334,4683620778.236982,,,0,662.5394115265116,59181,1834.9020199457914,2970333,2233159,920842,286536,3398765,238028,2201005,0,143026444352724.0,266999243934867.0,295881137684430,62244933732731,472271963943199.0,39152493110450.0,132237435185641.0,
2016-08-01,2016,8,7723011.83705989,6195041,4471609433.020907,,,0,579.2258929160872,61744,1629.3311192361825,2950426,2309295,935320,289188,3511132,241002,2153719,0,200768550729320.0,255112469414396.0,316420163562273,77444311849429,477511180918185.0,50048087127553.0,167297603810822.0,
2016-09-01,2016,9,8274695.01599743,5643009,5011452624.241982,,,0,606.384355421846,45394,1452.7726693601223,2590958,2199475,852576,261265,3034271,269839,2077634,0,266454558519920.0,236000188460447.0,325014754619376,61059473754042,381311487989864.0,53291051372973.0,331807488482864.0,
2016-10-01,2016,10,7547395.12816749,6020072,4851958471.8271055,,,0,641.1433911498204,53611,1331.3339712429765,2645041,2463663,911368,279262,3141227,269395,2330188,0,198213939630052.0,263139975874401.0,293385597312296,62161264774877,408582433064048.0,30248257360849.0,253747557616975.0,
2016-11-01,2016,11,7380219.22464208,6064015,5359356443.195168,,,0,725.6766613695522,55333,1117.6741225914946,2494389,2516404,1053222,311578,3313029,275995,2163413,0,160672552181220.0,258564439575603.0,318784930707385,60560105216017,414794948467595.0,48170139821816.0,214496728958780.0,
2016-12-01,2016,12,7262371.66968623,6053113,6029751761.16078,,,0,826.453381983249,54444,1060.94128410658,2477109,2550966,1025038,301055,3359869,273274,2118915,0,159223405988430.0,255163912705761.0,311849848274432,67017208798321,444398152713146.0,42302980477599.0,172518824979557.0,
2017-01-01,2017,1,7127149.99648893,6789072,6544830071.8977995,,,0,918.0883865763701,78573,1128.8924740765226,2892229,2616753,1280090,319350,3709336,260749,2499637,0,164085637173396.0,234712425306736.0,313916937168761,62067995602173,448726339978703.0,33180784090676.0,168739879977341.0,
2017-02-01,2017,2,4913674.54856814,6302007,5242058385.485885,,,0,1067.2757065284486,55777,925.6035705320645,2765513,2420124,1116370,324999,3595904,220956,2160148,0,105900038259996.0,165893865688028.0,219573550908790,54813516424117,310667991553796.0,27416361867299.0,98469585011602.0,
2017-03-01,2017,3,7134039.66023059,7082835,7998072717.642733,,,0,1130.6826955898248,69779,861.8746583958259,2908903,2645902,1528030,323723,3673463,287343,2798306,0,166824075018410.0,234292629921869.0,312287261082780,71440887287453,434821296660642.0,42855897060936.0,164285885014028.0,
2017-04-01,2017,4,5705459.00548795,6718309,6969727827.60685,,,0,1219.1458365677631,93693,782.5707937784282,2676003,2639901,1402405,252177,3347750,287359,2831023,0,121698285599633.0,201567904011539.0,247279710937623,60281695649680,362037077706847.0,28747774043240.0,119479353149028.0,
2017-05-01,2017,5,8374715.42508127,7546185,15865476449.145332,,,0,1907.6714719283232,74583,731.6378504144321,3112232,2993667,1440286,301471,3910077,321575,3013062,0,159776847423497.0,317346398856163.0,360348296228467,90161433466236,523886093608656.0,41638476365042.0,181785539068193.0,
2017-06-01,2017,6,7239969.58520791,7159779,18900858358.685516,,,0,2618.3814474047203,60723,692.4350604291957,2715638,2857458,1586683,306466,3196040,313530,3343743,0,126628877609397.0,241886784400521.0,355481296510873,71676560523814,376162175609838.0,37600961675374.0,238557260711765.0,
2017-07-01,2017,7,7157831.46601771,6594347,18053276587.286976,,,0,2499.830644138419,122837,750.5160482420017,2541273,2559561,1493513,304695,2964851,303589,3021212,0,121002383175736.0,238881371442709.0,355899391983326,88598409775768,374186369789243.0,42882537760396.0,210115829276364.0,
2017-08-01,2017,8,8316234.74797449,6866980,31118354519.68017,,,0,3912.642113988322,62826,696.6520279198821,2520181,2751847,1594952,297173,2990087,316658,3263062,0,126510845554060.0,298960218890568.0,406152410352821,108488082979892,382096127089150.0,50327565053807.0,290711699674600.0,
2017-09-01,2017,9,6174841.57340539,6088750,25365141450.001423,,,0,4117.548477424545,51556,695.3454364906753,2141894,2436676,1510180,298152,2786469,302480,2701649,0,105802005435012.0,192007508509206.0,319674643396321,78999521684481,290779201967463.0,33436696260621.0,214268737427974.0,
2017-10-01,2017,10,5017192.92709532,7040012,27054466584.49033,,,0,5389.494605116243,67056,731.5522524648177,2700921,2735234,1603857,340932,3475128,263852,2960100,0,88691236425651.0,164089070608529.0,248938985675352,66814433137458,253909414522761.0,22086416334458.0,158909028714855.0,
2017-11-01,2017,11,6165975.59455445,7970433,48072932674.478745,,,0,7875.094517126157,89412,915.299664811378,2743808,3115410,2111215,361475,3391482,304440,3913036,0,113880336066042.0,196602814995732.0,306114408393671,88950415458573,316785009651831.0,28830687068548.0,182031447276493.0,
2017-12-01,2017,12,6961185.82018964,8892985,107032461454.64496,,,0,15185.956779666849,102249,955.1507734603615,3045553,3381032,2466400,376506,3310291,444522,4761666,0,106424032361710.0,203846085906470.0,385848463750784,84159153182693,352476906101744.0,29647830822774.0,229834691911753.0,
2018-01-01,2018,1,7134740.2033172,8662148,93023504954.952,,,0,13205.042214767567,87173,837.245259908662,2957043,3121609,2583496,334250,2563201,447587,5317110,0,135666083833607.0,192496006788280.0,385311929709833,85331208008716,322497104567252.0,28793056254943.0,276852651500809.0,
2018-02-01,2018,2,4901486.90722293,5323153,44821756409.12533,,,0,9360.68828196412,81250,1036.397864537199,2000507,1804151,1518495,238179,1694212,342580,3048182,0,98885483047842.0,137299972415436.0,253963235259015,61701088998275,234238146244084.0,29485926089796.0,164723529390138.0,
2018-03-01,2018,3,4277941.8408106,5639169,38252256142.74904,,,0,9035.591768141216,100296,1063.296739475945,2112854,2084139,1442176,247574,1933580,404487,3053528,0,98003007512433.0,128525439020200.0,201265737548427,38225883803288,208652558100160.0,21644660236432.0,159271081941180.0,
2018-04-01,2018,4,4104659.15298875,5837677,33287168946.20881,,,0,8103.1502377462875,101138,950.450204974282,2182391,2223030,1432256,226879,2078840,483648,3048310,0,76205032110550.0,125376720067606.0,208884163120719,42388404278365,191989023742870.0,24847944799711.0,151240542477929.0,
2018-05-01,2018,5,4146391.98168217,6096267,35040174364.44718,,,0,8469.098756329751,116325,936.9164966216401,2247603,2442352,1406312,244761,2255353,563658,3032495,0,78387599063476.0,128371792166141.0,207879806938600,37795836862052,200546610741809.0,26412706551251.0,149884044013105.0,
2018-06-01,2018,6,3508515.16122013,5494250,23637066955.32485,,,0,6792.636622201265,118888,1035.1596874043553,2115281,2106489,1272480,210503,2046925,539361,2697461,0,75143172702673.0,108607290993084.0,167101052426256,33636754716401,177931954183885.0,22161339369633.0,117121467852094.0,
2018-07-01,2018,7,3417321.27146867,5963324,24419368175.711285,,,0,7166.378534281784,138119,938.415636279366,2306251,2334844,1322229,238890,2385984,561716,2776734,0,60064099416634.0,108027493847062.0,173640533883171,39107876453812,175047966002267.0,20427190332989.0,107149094357799.0,
2018-08-01,2018,8,3515896.62550473,6151090,23429928163.14889,,,0,6684.827842361212,134443,889.6486151409453,2425529,2469627,1255934,236655,2610476,528769,2775190,0,57965837608078.0,114506038879669.0,179117786062726,30276879822413,186265805783192.0,22920582732361.0,112126394212507.0,
2018-09-01,2018,9,3098632.0127198,5825176,20402513242.386078,,,0,6587.266028755739,143975,825.6261617649049,2227749,2432046,1165381,239881,2629944,556870,2398481,0,50280624255328.0,106077615975887.0,153504961040765,32126011192116,166182045185460.0,19876172099362.0,91678972795042.0,
2018-10-01,2018,10,3458496.67131893,6102646,22167552104.96026,,,0,6415.167794712484,181193,808.53774876932,2333743,2587833,1181070,293060,2803895,568040,2437651,0,62806635838114.0,114846223146719.0,168196808147060,34624385912763,189493201600032.0,20410129333333.0,101321950285765.0,
2018-11-01,2018,11,4814673.93613138,6045379,24460335003.163708,,,0,5354.369376122337,167644,845.4097260881406,2424658,2459173,1161548,274407,2800766,575997,2394209,0,85896759923096.0,159538726070769.0,236031907619273,49360920291793,263009156462276.0,30833037751442.0,138264279107627.0,
2018-12-01,2018,12,4897256.22538504,5619089,17976392669.816666,,,0,3666.637859348722,120022,727.1832801748184,2061598,2451909,1105582,296164,2370384,610419,2342122,0,89001638594238.0,162391388225167.0,238332595719099,62594130727257,254553386525822.0,28992900640989.0,143585204644436.0,
2019-01-01,2019,1,4165833.44231394,5908934,15229186358.069033,,,0,3653.5823519911078,144967,683.5936613765492,2323987,2486277,1098670,305701,2578163,667860,2357210,0,77245065282987.0,133177093002780.0,206161185945627,53633865879179,214723057436684.0,27148146384538.0,121078274530993.0,
2019-02-01,2019,2,3920257.91492068,5762780,14451149581.810362,,,0,3670.297072141951,127516,629.108142613388,2229502,2396241,1137037,303778,2492215,600188,2366599,0,71328209872722.0,129701620801870.0,190995960817476,41313478884969,207677707147496.0,28605946386124.0,114428659073479.0,
2019-03-01,2019,3,4119811.0906848,7251529,16157769143.876955,,,0,3924.7157220750687,223500,598.9316683526216,3091753,2752004,1407772,396776,2928682,894620,3031451,0,82874573866615.0,132390628024240.0,196715907177625,45792018609013,216977165170610.0,26249661090369.0,122962264198488.0,
2019-04-01,2019,4,4751735.13624314,7777626,24378433923.427395,,,0,5146.017364023528,295293,680.9049003423154,3316297,2821926,1639403,362027,2884335,1145222,3386042,0,90658246362057.0,146292549022485.0,238222718239772,56138786021733,237472380640415.0,30050383760026.0,151511963202140.0,
2019-05-01,2019,5,4933559.22908256,9603333,36417037908.93439,,,0,7363.536682667018,549952,609.4080616825751,4326155,3086757,2190421,437116,3204312,1684840,4277065,0,101602328527966.0,151203884913361.0,240549709466929,54544944869174,260427446404450.0,32252784108080.0,146130747526552.0,
2019-06-01,2019,6,4827266.6125013,9488105,45896258454.02598,,,0,9441.673648495429,511695,693.9086715420333,4042650,3079947,2365508,487650,2942982,1468591,4588882,0,91477339809586.0,147150415415231.0,244098906025313,54523939960727,256241951936789.0,31251817819163.0,140708951533451.0,
2019-07-01,2019,7,4310069.15374491,8099893,45749498063.76651,,,0,10750.429868593128,414153,772.9682211007001,3773992,2950589,1375312,493274,2823629,1249787,3533203,0,96687041950840.0,124951610336278.0,209368263087373,52624396018224,216223383054115.0,26699128248157.0,135460008053995.0,
2019-08-01,2019,8,3330581.14741276,7246714,35449708390.20033,,,0,10613.790277943805,302681,730.7547087376598,3363429,2680377,1202908,464952,2670291,1111769,2999702,0,61900846926124.0,115773536631880.0,155383731183272,45133435241141,164324433922164.0,24592938575309.0,99007307002662.0,
2019-09-01,2019,9,4012974.37909636,6628988,38918056097.880905,,,0,9796.482565216116,265869,643.3109567977615,2969421,2415433,1244134,441252,2464888,1005120,2717728,0,85633323200571.0,115682770129081.0,199981344579984,58617452043079,170981793722824.0,21893630544931.0,149804561598802.0,
2019-10-01,2019,10,3775839.61393466,6506298,31868259860.875046,,,0,8386.84266462879,194240,565.4950388439504,2816653,2507358,1182287,451068,2596462,812924,2645844,0,79599570201076.0,120438613962100.0,177545777230290,47469564631965,192700169193884.0,32693791934167.0,104720435633450.0,
2019-11-01,2019,11,4373447.22881387,6596367,36277578721.21119,,,0,8313.10051187322,234521,533.8246560107101,2854512,2437597,1304258,479278,2552524,744601,2819964,0,84175940637571.0,127336052440667.0,225832729803149,53855310802690,185146103510774.0,40183064792485.0,158160243775438.0,
2019-12-01,2019,12,3674170.85457552,6221062,26558074560.30986,,,0,7241.275586528298,145153,488.8128056023269,2665829,2449842,1105391,469794,2649468,633798,2468002,0,75490537462300.0,126001697726523.0,165924850268729,42536063496371,202493691714585.0,24605615837756.0,97781714408840.0,
2020-01-01,2020,1,3614415.82358651,6346046,30492380578.61361,,,0,8392.780511410176,142187,455.2133503378909,2603535,2565737,1176774,513269,2687798,591616,2553363,0,74734669765444.0,128173193811208.0,158533718781999,44995328481896,189881131028689.0,26281424099650.0,100283698748416.0,
2020-02-01,2020,2,5315455.47362387,6348528,51341094673.00654,,,0,9644.95119565358,130101,427.30098933312854,2633463,2540967,1174098,538554,2683030,598118,2528826,0,179568269102706.0,151128157730146.0,200849120529535,57604405867907,265437273841680.0,69569159994078.0,138934707658722.0,
2020-03-01,2020,3,7884180.57733957,7077172,51447687940.92361,,,0,6885.7226347313745,151397,387.5672684119629,2867185,2853606,1356381,599866,2794251,592008,3091047,0,237781255939968.0,242969005747465.0,307667796046524,78531157591196,362675231955672.0,92919885916706.0,254291782270383.0,
2020-04-01,2020,4,5815832.42560511,7300436,42445565047.608406,,,0,7251.178090205832,150594,327.2926869261592,2949979,2982965,1367492,626141,2865305,581033,3227957,0,202786448685699.0,172972618910496.0,205824174964316,55744612842282,272760581966382.0,75636686395690.0,177441361356157.0,
2020-05-01,2020,5,6101685.9956995,7887769,56628401290.829834,,,0,9268.246233382595,162047,300.7799171475158,3065732,3244278,1577759,766055,3010719,623610,3487385,0,218604784764206.0,171116680312963.0,220447134492781,59549432511494,270774662422719.0,86466372880722.0,193378131755015.0,
2020-06-01,2020,6,5630023.6329097,7794394,53393161664.33381,,,0,9481.094913304036,148332,222.57987284994374,2985047,3313445,1495902,759427,2963256,601850,3469861,0,199609038459596.0,169605067308462.0,193788257522912,57215601492134,239947181819991.0,95845399953495.0,169994180025350.0,
2020-07-01,2020,7,6214421.7481477,9057308,60263604768.73383,,,0,9629.733584373982,146340,193.65860524106677,3373700,3956611,1726997,917016,3400815,579292,4160185,0,223868652526439.0,179343414625082.0,218230107663249,67550416082673,291006022200669.0,92960170621822.0,169925565909606.0,
2020-08-01,2020,8,6197833.22635529,9078089,72266021770.04887,,,0,11644.521994206303,156011,180.83967951107127,3437717,3778983,1861389,885144,3173922,583992,4435031,0,212443026888137.0,178174325813236.0,229165969934156,67800380809616,282295981943998.0,88199002399652.0,181487957482263.0,
2020-09-01,2020,9,6058669.54993508,9406901,64525741282.34287,,,0,10652.21332187194,183332,151.11919128406552,3365302,3970390,2071209,842389,3165096,574076,4825340,0,170858186975051.0,190349526428485.0,244659241589972,72524687313479,273741699518105.0,58660807992373.0,200939760169551.0,
2020-10-01,2020,10,6361933.89717759,9340357,76265259521.16075,,,0,11860.10882149748,204629,157.87932279860237,3147860,3948667,2243830,836215,2974859,548790,4980493,0,198422018791663.0,197486198628177.0,240285172297919,60091771773477,276807822447578.0,84909888515675.0,214383906981029.0,
2020-11-01,2020,11,6781829.03589532,9273081,112979999256.15897,,,0,16697.42812758283,231749,120.0253208710804,2998495,3704055,2570531,866526,2758801,525143,5122611,0,197007273675473.0,211011130343030.0,270164499571029,66265100782069,298832134685735.0,85258984393165.0,227826683728563.0,
2020-12-01,2020,12,6283471.94589707,9922747,139949853686.64026,,,0,22068.17263852522,417594,88.24686764013884,3153053,3779964,2989730,921575,2811039,526361,5663772,0,161470167930466.0,213512624671196.0,253364401988045,70102023348276,277626404147972.0,91639429539090.0,188979337554369.0,
2021-01-01,2021,1,4939402.64356054,7435654,175523703720.00113,,,0,35447.800467137895,932263,46.31042676295901,2469719,2765883,2200052,698702,1907251,398180,4431521,0,124605971445996.0,164677585147330.0,204656707762728,53949120029009,194837441878447.0,62005508618704.0,183148193829894.0,
