,year,month,sum_fee_btc_tr,value_tr,mean_fee_satoshi_tr,mean_feeUSD_tr,mean_fee_for100_tr,counttr,mean_nb_inputs_tr,nb_input=1_tr,nb_input<5_tr,nb_input>=5_tr,nb_outputs==1_tr,nb_outputs==2_tr,nb_outputs<5_tr,nb_outputs>=5_tr,nb_mining_tr,sum_input=1_tr,sum_input<5_tr,sum_input>=5_tr,sum_outputs==1_tr,sum_outputs==2_tr,sum_outputs<5_tr,sum_outputs>=5_tr,sum_mining_tr,mean_mining_btc_tr,mean_mining_USD_tr,mean_nb_outputs_tr,mean_fee_for100_overall_tr
2009-01-01,2009,1,0.0,13356500000000,0.0,,0.0,2571,0.055620381174640215,12,10,10,2560,11,0,0,2539,40400000000.0,88600000000.0,532500000000,13318800000000,37700000000,,,12695000000000,50.0,,1.0042784908595876,0.0
2009-02-01,2009,2,2.01,18133456000000,58789.119625621526,,0.0017082422829150414,3419,0.06346885054109389,19,8,10,3404,15,0,0,3382,221866000000.0,101385000000.0,900004000000,18065005000000,68451000000,,,16910201000000,50.00059432288587,,1.0043872477332554,0.0011084360975835645
2009-03-01,2009,3,0.0,18585000000000,0.0,,0.0,3483,0.0712029859316681,3,4,14,3482,1,0,0,3462,15000000000.0,60000000000.0,1200000000000,18580000000000,5000000000,,,17310000000000,50.0,,1.0002871088142407,0.0
2009-04-01,2009,4,0.0,18233251000000,0.0,,0.0,3457,0.05669655770899624,6,3,8,3454,3,0,0,3440,28251000000.0,85000000000.0,920000000000,18218251000000,15000000000,,,17200000000000,50.0,,1.0008678044547294,0.0
2009-05-01,2009,5,0.13,17640994000000,3812.316715542522,,4.692082110791788e-05,3410,0.04105571847507331,10,3,5,3402,8,0,0,3392,38497000000.0,22490000000.0,619994000000,17532613000000,108381000000,,,16960013000000,50.0000383254717,,1.0023460410557186,7.369193833435508e-05
2009-06-01,2009,6,0.0,11589398000000,0.0,,0.0,2238,0.039767649687220734,4,2,2,2234,4,0,0,2230,19899000000.0,19499000000.0,400000000000,11569499000000,19899000000,,,11150000000000,50.0,,1.0017873100983021,0.0
2009-07-01,2009,7,0.14,10279967000000,7238.8831437435365,,1.1965748782547761e-06,1934,0.0656670113753878,2,2,1,1931,3,0,0,1929,10000000000.0,20000000000.0,604953000000,9665014000000,614953000000,,,9645014000000,50.00007257646449,,1.001551189245088,0.00013618702213553352
2009-08-01,2009,8,0.13,8629759000000,8296.107211231652,,1.494920688998294e-06,1567,0.10593490746649649,2,0,4,1564,3,0,0,1561,9940000000.0,,814806000000,7889866000000,739893000000,,,7805013000000,50.00008327994875,,1.001914486279515,0.0001506412915659706
2009-09-01,2009,9,0.12,12100100000000,5529.953917050691,,1.0950403796118298e-06,2170,0.12073732718894009,1,0,10,2169,1,0,0,2159,100000000.0,,1304988000000,11595112000000,504988000000,,,10795012000000,50.00005558128763,,1.0004608294930875,9.917263575741288e-05
2009-10-01,2009,10,0.12,16814964000000,5602.240896358543,,1.1093809944686705e-06,2142,0.19140989729225025,0,1,12,2141,1,0,0,2129,,20000000000.0,6149952000000,16309988000000,504976000000,,,10645012000000,50.000056364490376,,1.0004668534080299,7.136495466897655e-05
2009-11-01,2009,11,0.0,26125000000000,0.0,,0.0,2231,0.09099058718063649,7,1,7,2223,8,0,0,2216,7805000000000.0,5000000000.0,7235000000000,18315000000000,7810000000000,,,11080000000000,50.0,,1.0035858359480054,0.0
2009-12-01,2009,12,0.22,26204920000000,5388.194954690179,,5.361388014611758e-07,4083,0.16801371540533921,20,3,13,4069,14,0,0,4047,1658085000000.0,46500000000.0,4265313000000,25058692000000,1146228000000,,,20235022000000,50.00005436125525,,1.0034288513348029,8.395362981531942e-05
2010-01-01,2010,1,0.26,29383126000000,5143.422354104847,,9.517450141175065e-07,5055,0.10702274975272008,24,9,19,5038,17,0,0,5003,112229000000.0,129900000000.0,4125971000000,28173735000000,1209391000000,,,25015026000000,50.00005196881871,,1.0033630069238377,8.848608209221091e-05
2010-02-01,2010,2,0.44,51697519000000,7650.843331594505,,4.0161907252443514e-07,5751,0.4837419579203617,64,35,49,5719,32,0,0,5603,6652716000000.0,3203420000000.0,13826339000000,42335725000000,9361794000000,,,28015044000000,50.00007852935927,,1.0055642496957051,8.51103948555547e-05
2010-03-01,2010,3,0.0,41135569000000,0.0,,0.0,5384,0.4212481426448737,82,51,64,5357,27,0,0,5187,535652000000.0,1083759000000.0,13581158000000,38255233000000,2880336000000,,,25935000000000,50.0,,1.0050148588410104,0.0
2010-04-01,2010,4,0.26,74264931000000,2698.2150269821504,,1.7988100178681795e-05,9636,0.7685761726857617,3669,235,146,6309,3327,0,0,5586,18153624000000.0,6725989000000.0,21455292000000,51988891000000,22276040000000,,,27930026000000,50.00004654493377,,1.3452677459526774,3.5009782608504914e-05
2010-05-01,2010,5,10.34,74964879000000,166425.23740544022,,0.006074865837643591,6213,0.9721551585385482,841,253,177,6051,162,0,0,4942,19436747000000.0,5901432000000.0,24915666000000,56244450000000,18720429000000,,,24711034000000,50.00209227033589,,1.0260743602124578,0.0013792935463881914
2010-06-01,2010,6,1.37,108735736000000,20548.97255137243,,1.0273782521578353e-06,6667,0.7714114294285286,1533,251,147,6233,434,0,0,4736,48177185000000.0,11257172000000.0,25621242000000,61126865000000,47608871000000,,,23680137000000,50.000289273648654,,1.0650967451627418,0.0001259933784685747
2010-07-01,2010,7,9.52,472795793000000,35936.73323015364,4.7963987354795676e-05,0.02212226482345682,26491,1.0965233475519989,17451,869,293,14380,12111,0,0,7878,368415914000000.0,22082437000000.0,42906490000000,107547962000000,365247831000000,,,39390952000000,50.001208428535165,3.264968373493976,1.457174134611755,0.00020135502413410187
2010-08-01,2010,8,10.9700014,149658610998890,91630.4827931841,6.047166759312202e-05,0.010565443542249272,11972,1.2019712662880053,4842,827,282,8684,3288,0,0,6021,72835250999080.0,20983164999620.0,25734098000050,76408989000180,73249621998710,,,30106097000140,50.001821956718146,3.217037037037037,1.2746408286000668,0.000732996311877812
2010-09-01,2010,9,2.00960442,168079517942768,15257.796826360944,9.42277585827821e-06,0.01829902561144583,13171,1.2250398602991421,6139,1123,368,8899,4272,0,0,5541,85173318983526.0,19833425038388.0,35367572960412,83454344960442,84625172982326,,,27705200960442,50.000362679014614,3.0902158455152504,1.3243489484473465,0.00011956257620571309
2010-10-01,2010,10,1.0033037,520386949142607,6964.968413745228,5.516369026291503e-06,0.0037359793438318284,14405,1.2047205831308574,6647,1381,475,8851,5554,0,0,5902,354134077259007.0,58448915553230.0,78293856000000,170765221830261,349621727312346,,,29510100330370,50.000169993849546,5.702250593019317,1.3855605692467894,1.927995135574753e-05
2010-11-01,2010,11,5.09,310150848217576,8028.264538414221,2.196506333970487e-05,0.0042109013759212615,63401,1.118767842778505,55110,1763,624,53040,10361,0,0,5904,192199032000000.0,43218755000000.0,45202552217576,155456975000000,154693873217576,,,29530509000000,50.01779979674797,12.994441565040656,1.1634201353290958,0.00016411342015921825
2010-12-01,2010,12,2.72666142,262920800709540,15902.609471596874,3.911998859219034e-05,0.0783500723420516,17146,1.1117461798670243,10036,1114,381,8553,8590,0,3,5615,171846994637450.0,24349440283740.0,38649093122208,83473338666142,179432462043398,,15000000000.0,28075272666142,50.000485603102405,12.109652715939442,1.5125976904234224,0.00010370646160050947
2011-01-01,2011,1,8.27959263,368208662243835,23748.257887792566,0.00010052006206199844,0.03426808408471994,34864,1.3028338687471317,26568,2333,805,13624,21240,0,0,5158,237892272535736.0,22986581583633.0,81538980165203,128065137193830,240143525050005,,,25790827959263,50.00160519438348,18.492840829778984,1.609224414869206,0.00022486092429157916
2011-02-01,2011,2,13.17180579,453866960264172,27919.973270873517,0.00026627164391671856,0.04891433230729577,47177,1.301036522034042,37287,3141,1180,12793,34384,0,0,5569,342898041413575.0,36278913160622.0,46843688509396,91736143439464,362130816824708,,,27846317180579,50.00236520125516,46.49263332734783,1.7288297263497043,0.00029021208232829986
2011-03-01,2011,3,130.4229255,932531154338076,156935.63100137174,0.0013284707591968462,0.12847511295880704,83106,1.3927754915409236,65211,11366,1638,28321,54628,8,149,4891,685465599101211.0,171603594276207.0,50993918668108,63714216458038,865331944880038,280161000000.0,3204832000000.0,24468042292550,50.02666590175833,42.87803169086077,1.7280822082641445,0.0013985709843161397
2011-04-01,2011,4,162.19588569,1389300353309944,219676.41694883117,0.0030944635485968056,0.23634127166856078,73834,1.7033345071376331,53226,12304,3216,18897,54374,16,547,5088,882469118623055.0,376656084053801.0,104718931044519,135884169639574,1246456400650370,113614000000.0,6846169020000.0,25456219588569,50.0318781221875,63.86713325471699,2.035092233930168,0.0011674508809148712
2011-05-01,2011,5,415.44882336,1183902204869922,304583.48181438283,0.020647324367854956,0.9064100712686165,136399,1.7854529725291242,99774,21766,8124,30767,102912,619,2101,6735,771633843131092.0,255957246009693.0,122594571846802,206334014465704,963686154090946,1189670558955.0,12692365754317.0,33716543882335,50.06168356694135,313.07366874536007,2.3538515678267435,0.0035090250144648592
2011-06-01,2011,6,843.89581161,7292558008706867,266125.8803452495,0.049795949525834285,0.6310807869604724,317104,1.8199360462182754,244381,47641,18827,46275,265956,1692,3181,6255,6888357416879396.0,122782417738454.0,250058784507856,163694662104508,7118590600326245,855724898835.0,9417021377279.0,31359389581161,50.134915397539565,907.7109365307754,2.4120635501286642,0.0011571879786784927
2011-07-01,2011,7,382.67533788,3781471133028778,143077.59585732446,0.02017414448189111,0.3732433012993247,267460,1.8145105810214612,206145,41310,15087,30957,231029,2589,2885,4918,3605685198751379.0,74885666507546.0,76272000236065,69917242239819,3703359530030962,996879517279.0,7197481240718.0,24628267533788,50.07781117077674,702.6313916226105,2.9088723547446347,0.0010119645288282774
2011-08-01,2011,8,244.58126845,1736080703280899,103483.53633201889,0.010318087106602456,0.3339873069512279,236348,1.8670562052566555,178648,38424,14899,27690,204773,1570,2315,4377,1492087338584926.0,96667577438446.0,125416329130682,111013577271853,1618860720226673,706342028286.0,5500063754087.0,21909458126845,50.05587874536212,503.680359150103,2.6652732411528763,0.0014087929342464364
2011-09-01,2011,9,162.01705523,1761346516925103,83184.63773823215,0.005065481334347874,0.2798647148611031,194768,1.9144982748706152,148382,29403,12824,21036,170774,737,2221,4159,1576259369265428.0,75068475655830.0,89207470298322,123170430389386,1632917290556731,543204207291.0,4715591771695.0,20811201705523,50.03895577187545,298.192766530416,2.851998274870615,0.0009198392444456888
2011-10-01,2011,10,119.58790308,1193388072706366,70804.8070906701,0.002661321593386082,0.19913595826509006,168898,1.8589089272815547,129145,25008,10991,16370,150674,764,1090,3754,955937210195840.0,119302139182920.0,99366764537298,74442222218642,1112565091855255,1153867344606.0,5226891287863.0,18781958790308,50.03185612761854,183.19263665423543,2.2658646046726427,0.0010020772576151316
2011-11-01,2011,11,98.56066526,5004278744973879,58315.08943637805,0.0015681183936174432,0.1719760346874549,169014,1.9007064503532252,129112,26656,9117,16248,150509,672,1585,4129,2209919358424398.0,2607712315539012.0,165992214943943,240375957669817,4753179506870041,2257877943502.0,8465402490519.0,20654856066526,50.02387034760475,134.88846500363286,2.2385660359496846,0.00019695240046609016
2011-12-01,2011,12,505.55860293,4698982325847951,293097.84038889664,0.009583373708276015,0.1848089774887887,172488,1.987825240016697,129769,28051,10077,17048,152909,706,1825,4591,1655697684075908.0,2934385748029405.0,85893337882345,315200604737647,4371095702220840,2367503281940.0,10318515607524.0,23005555860293,50.110119495301674,175.09165911566106,2.3103404294791523,0.0010758779852296197
2012-01-01,2012,1,580.21264316,1165527027629642,290585.7881304152,0.017145986753378518,0.19893992392982301,199670,2.199974958681825,145955,35090,13880,19872,176516,1277,2005,4745,832693174286463.0,199904032777514.0,109147663858046,106763649971730,1038413564163822,3860397877705.0,16489415616385.0,23782156707619,50.12045670731086,307.2428855637514,2.3410126709069967,0.004977866211569653
2012-02-01,2012,2,158.71250056,1580326334788641,76089.35387152604,0.00392862406796893,0.18118189241833338,208587,2.004468159568909,143149,48823,12260,18104,186509,1493,2481,4355,1225940658896758.0,227818541898131.0,104776356111622,82301483727025,1482880582204845,2341160760452.0,12803108096319.0,21790777882130,50.03622935047073,255.8966512055108,2.3997852215142843,0.001004291981531205
2012-03-01,2012,3,155.50854813,1825304039900804,76541.0976669784,0.0037638114616887234,0.18372971765970134,203170,2.1026381847713735,148331,36908,13267,18840,179784,1174,3372,4664,1457767696686187.0,239549851831451.0,104650948788353,80533446668079,1721142361144859,3969690130093.0,19658541957773.0,23335542594813,50.03332460294382,245.4524967838765,2.5323719053009794,0.0008519524411920925
2012-04-01,2012,4,164.94802919,3281412605781341,73300.4618006488,0.0036707311313731086,0.4259571809297236,225030,2.10744345198418,161758,44163,14901,19678,201102,1631,2619,4208,2862016584161535.0,247099314369607.0,151240212447280,98670457784480,3164750466665073,4027677717002.0,13964003614786.0,21056494802919,50.039198676138305,249.86560480038008,2.4101186508465537,0.0005026713183004042
2012-05-01,2012,5,466.88200854,7262174526043472,70752.13348709773,0.003595258002428641,0.8820026173859642,659884,2.0684302089458146,385242,237763,32461,20413,629671,5674,4126,4418,6717430256154562.0,307137989414754.0,215469595636802,108472930092544,7122934497891140,10308813020299.0,20458285039489.0,22136684837354,50.10566961827524,254.06733454051601,2.204175279291512,0.0006428914718602132
2012-06-01,2012,6,645.87053543,8285430424123690,65551.84560663851,0.00397204028022556,1.3074593984536305,985282,2.1075204865206105,622788,315201,42760,21296,940750,9588,13648,4533,7702470945658802.0,338763212512917.0,221466687368428,100720654466008,8136680030921165,13750653407645.0,34279085328872.0,22729578583543,50.14246323305317,302.5630930950805,2.2411634435623506,0.0007795195514072638
2012-07-01,2012,7,589.03791679,5713642610100675,65511.329926741026,0.0052490580057064275,1.5623205348733205,899139,2.060473408449639,633091,214111,47158,26389,822619,35557,14574,4779,5100536778865236.0,344768938724342.0,244383000008418,129644658230389,5503067506858499,42358098523387.0,38572346488400.0,23953892502679,50.12323185327265,398.03501778614765,2.2303537050444926,0.0010309217507386533
2012-08-01,2012,8,776.80220937,13548896890739713,70780.53443980755,0.007783452731685428,1.3708968910236776,1097480,1.971037285417502,800239,241585,50781,34370,1036909,15514,10687,4875,1.2858123862975484e+16,406641495796105.0,259678858688198,129555543252956,13306737845340356,39414422520265.0,73189079626136.0,24452673279927,50.15932980497847,547.4542260512819,2.1852562233480337,0.0005733291514436158
2012-09-01,2012,9,694.23005774,33893564241813168,73277.24215697244,0.00845087589141676,1.5521199301321693,947402,2.046022702084226,666355,227550,48809,28290,883117,18762,17233,4688,3.324246778605324e+16,403784094057608.0,223802943187227,141771698159766,33687964240965875,36752533989773.0,27075768697754.0,23509418515091,50.14807703731015,582.7759140358362,2.3138171547030724,0.00020482609347979112
2012-10-01,2012,10,811.27488877,6352625927406562,86661.7979562864,0.010359730499146872,1.7294368988661368,936139,2.227205575240429,639049,241553,50919,36752,853244,24656,21487,4618,5746799804913272.0,359883948687763.0,222771048626650,138877294600001,6118029077728289,52662119235933.0,43057435842339.0,23171125178877,50.17567167361845,587.6333371589433,2.5396143094134525,0.0012770538319484225
2012-11-01,2012,11,818.12898587,4551851811896636,86663.8192030728,0.010036719193288947,1.5802190200623825,944026,2.169187077474561,616924,274905,47766,36078,861914,24102,21932,4431,4008210919722899.0,336244616334242.0,186019464640908,119084776877444,4330213241714910,59638373992163.0,42915419312119.0,21376811198587,48.24376257862108,552.2078970886935,2.474341808382396,0.001797321870893504
2012-12-01,2012,12,934.89129978,5037873974844367,81567.33051697016,0.01093317957052499,1.2188971565672628,1146159,2.135961066483795,739877,345591,56481,38913,1037498,41822,27926,4210,4263941266970729.0,495391566930278.0,267922654613382,96868790950407,4679571466341880,181619935455488.0,79813782096592.0,10618486329978,25.222057790921617,337.0566954869358,2.361235221291287,0.0018556914201317296
2013-01-01,2013,1,1316.17557883,5172693333243156,92425.91841832317,0.014473693765964933,1.0870165352615926,1424033,2.1282533480614565,946481,405191,67919,49420,1293456,55970,25187,4442,3963813028225833.0,733899923495306.0,463743770064134,137108590650887,4434455236454583,402770203254277.0,198359302883409.0,11236611457883,25.29628873904322,396.6901596127871,2.316617662652481,0.0025444038631660696
2013-02-01,2013,2,1417.34962858,4269412416676757,88715.7064791557,0.023275843191150652,1.2429810821761464,1597631,2.1344090093394534,1006939,504605,81424,45940,1469172,53231,29288,4663,3385789880036548.0,576500561801648.0,295322743425703,148808053223273,3877709741725520,146911350177829.0,95983271550135.0,11799231412858,25.303948987471585,664.6442772892991,2.2980888578151024,0.003319666593374163
2013-03-01,2013,3,1718.80363185,5461057103820755,101253.92672419379,0.057665767653439025,1.3104489221589777,1697518,2.2798091095352153,1050765,543058,98366,69760,1540537,58042,29179,5329,4586903778812074.0,582396616340990.0,278262329454506,138032273025953,5109606779989376,120709358266704.0,92708692538722.0,13494379213185,25.322535584884594,1470.3815933571022,2.4676457039041706,0.0031472835818233636
2013-04-01,2013,4,1594.66780044,5294021926920928,93424.46511055676,0.11896015384378476,1.34527833939919,1706906,2.283289179368987,1055329,543035,103569,106803,1503195,66921,29987,4973,4353685978399152.0,632379173198770.0,295364808812962,208919945016972,4838180529110015,148274003601917.0,98647449192024.0,12591966510044,25.320664608976475,3254.7128284737596,2.8750323685076977,0.003012114020757466
2013-05-01,2013,5,1588.06213511,2329260330326294,90930.50301896926,0.10660641548323013,1.331806959731789,1746457,2.2352465591766646,1027011,608308,106158,83986,1572844,63081,26546,4980,1662993176450835.0,438347843550980.0,215310504160968,243844183578581,1855512617808768,145081483952912.0,84822044986033.0,12608806163511,25.31888787853614,2985.4341359437744,2.84657853013272,0.006817416883888739
2013-06-01,2013,6,1253.73569601,1770227223477836,89015.40532628822,0.09449338130523717,1.1211836808652988,1408448,2.2236120893352114,817692,498334,87213,70199,1247820,68322,22107,5209,1170695833804868.0,391219893828002.0,195163622275365,100124903656388,1462649608609317,130560035864356.0,76892675347775.0,13147873569601,25.240686445768862,2665.2992290266857,2.450892045712728,0.007081841764747643
2013-07-01,2013,7,916.75223514,2617281675939665,76001.50843164937,0.06534252568146555,0.8822150758689178,1206229,2.2159830347305527,710468,417512,72896,81743,1027297,76002,21187,5353,1881500333600726.0,489706958832239.0,232600035651282,316009728825125,1973897205574572,204375213194102.0,122999528345866.0,13474347855418,25.171582020209225,2150.0146301139544,2.4414742142661137,0.003502565786927526
2013-08-01,2013,8,1362.47765423,2830011476600500,79437.35011485808,0.08420385663096489,1.0033079513763572,1715160,2.2240292450850068,1008265,605965,95094,90279,1517141,84881,22859,5836,2173255717829591.0,396901499746589.0,245128011258897,116726271217591,2452377255146782,166828014986365.0,94079935249762.0,14726247765423,25.233460872897535,2617.6242217272097,2.330339443550456,0.0048141573759555405
2013-09-01,2013,9,1335.80943902,2192780829659059,83766.77151673975,0.10497303621385753,0.7565171148274603,1594677,2.1998599089345365,966307,535064,87675,94568,1409767,71007,19335,5631,1664740067465222.0,322477154979969.0,191352526269966,107675217302517,1851847041285787,154720244125081.0,78538326945674.0,14211080943902,25.237224194462794,3148.3602484461007,2.3556350282847247,0.006091480053034568
2013-10-01,2013,10,1091.01062556,2920563412914436,66149.03733534143,0.10421911982572099,0.8668474785656964,1649322,2.3663456862880627,999357,547500,96254,106821,1418338,96646,27517,6211,2278555319962899.0,389037842344054.0,237333530680383,156288134019521,2443051425595656,207328176857677.0,113895676441582.0,15636719927100,25.175849182257284,3896.9153838351326,2.486994655985914,0.0037354774297321115
2013-11-01,2013,11,1185.48983902,4917962894456011,60465.202960295625,0.27013247538281066,0.6888901940259817,1960615,2.461653613789551,1123316,700003,132105,186802,1571012,159773,43028,5191,3945485321392475.0,542924869870294.0,416456621280412,178325687831799,3429919035517975,772803841413021.0,536914329693216.0,13096081912830,25.228437512675786,13607.135035638603,2.5579534992846633,0.0024104721580023663
2013-12-01,2013,12,495.09930809,3440410507968398,25568.78136208306,0.20609586749506142,0.7276911362453699,1936343,2.4907451830589933,1057429,745886,127410,182133,1529451,173238,51521,5618,2738410481306717.0,385102447247087.0,302803052217581,164718063083357,2077693268180375,737487922465281.0,460511254239385.0,14094527197013,25.088158058050908,19811.0493497686,2.746578989362938,0.0014390497361231203
2014-01-01,2014,1,438.30532276,1942240429226133,24138.4406613511,0.19852103083408487,0.7590861913144612,1815798,2.458570832218121,1000330,683501,126498,175841,1447076,148680,44201,5469,1487528518825778.0,238943893681474.0,202051632699173,94726630044395,1184559827164593,451365743501847.0,211588228515298.0,13716384019708,25.080241396430793,20569.83782391661,2.8428277815043304,0.0022566486885628083
2014-02-01,2014,2,395.84404456,1797323310070033,21435.65225038475,0.14028594373329362,0.6895098017261,1846662,2.7153409773959716,992764,700013,148980,154668,1475725,148835,67434,4905,1251389093866663.0,279186709208276.0,254445367140090,102906161812751,1091135136000615,333931782805277.0,269350229451390.0,12302139855004,25.080815198784915,16545.22877573904,3.0237666665583633,0.0022023601676484828
2014-03-01,2014,3,419.94292329,2736355170741179,19994.225801198958,0.11958320072827018,1.1832280698079116,2100321,2.752583533659855,1131857,784838,178523,223328,1631738,155652,89603,5103,2191917353151748.0,229452041646429.0,302186256393231,184295523081435,1911148277615349,331372093583166.0,309539276461229.0,12799519549771,25.082342837097787,14870.163551244366,3.0815180155795234,0.001534656330799325
2014-04-01,2014,4,397.68866074,1840694008383109,21043.85473558439,0.09744652387030461,0.8257381317123607,1889809,2.8317062729619766,986116,729514,169144,156995,1496078,148313,88423,5035,1386530741806514.0,174098013886665.0,267437855867244,85818808217138,1236724187145203,289433522779717.0,228717490241051.0,12627396822686,25.079238972564053,11613.160632969215,3.153921904277099,0.0021604898310407
2014-05-01,2014,5,371.55596179,2373277891589437,18617.518565359194,0.09080747835962068,0.8684164195081622,1995733,2.8266055629685933,1046573,772173,171948,178637,1585320,143399,88377,5039,1954687581786633.0,143227120414227.0,262728442672134,120289454565042,1690355950743823,357951340309008.0,204681145971564.0,12634746716443,25.073916881212543,12218.17763901568,3.0837291361118946,0.0015655568451841556
2014-06-01,2014,6,328.50044527,1991732683483063,18097.722349362146,0.11142953501116724,0.938037608286669,1815148,2.906398266146893,948017,696463,165549,170636,1416857,141449,86206,5119,1576585398092012.0,143961473265590.0,258355111892992,89243744117882,1505131989533415,211411934435086.0,185945015396680.0,12830700232469,25.06485687139871,15379.36525278375,3.27036307783167,0.00164929274927354
2014-07-01,2014,7,334.47052257,1501501952540260,17332.279101233056,0.10720245315743557,1.1937214092266673,1929755,2.884251109596814,994455,759131,171445,184091,1485640,171211,88813,4724,1110753676154560.0,147222382617483.0,231681727717512,92528657753991,1088812153760249,141315454593439.0,178845686432581.0,11844166050705,25.072324408774342,15490.205145639284,3.229876331451402,0.002227523391461617
2014-08-01,2014,8,372.46662367,2312889205482209,17605.604031264684,0.09383565863696701,0.9985422427028757,2115614,2.8359998563064908,1126307,792743,191438,203925,1632293,176007,103389,5126,1844020238717382.0,193370236334924.0,262646200225688,97360790646834,1922030919223136,80369986092281.0,213127509519958.0,12852530204215,25.073215380833005,13415.104908895824,3.1474678273068717,0.0016103695096947152
2014-09-01,2014,9,390.6445002,1708474853740700,18228.538187376984,0.08040425291285294,1.1776153222099421,2143038,2.8602404623716424,1173886,771847,192555,200797,1666285,174570,101386,4750,1203388146023485.0,189145711618428.0,304026792295277,106962970433189,1269067499818221,107060778554413.0,225383604934877.0,11914203803510,25.08253432317895,11151.486960842109,3.181767192182313,0.0022864578160047065
2014-10-01,2014,10,385.42077632,2627833779806440,16118.339888775232,0.05843805379804472,1.1763980563432326,2391194,2.8180264754762683,1357771,814847,213908,219215,1869631,190429,111919,4668,1979369180040754.0,257335936146184.0,379419654308210,106728940426367,2104066092319388,139699999094174.0,277338747966511.0,11709009311292,25.083567504910025,9089.676007926308,3.1298915939066423,0.0014666647732857496
2014-11-01,2014,11,390.0799782,2802027610888940,15511.001733694917,0.05676983702577863,1.0015601797909197,2514860,2.839155261127856,1462064,824282,224085,215150,2010998,181217,107495,4429,2110377230448295.0,270004963676720.0,410533809369259,118011318987926,2302904733473305,120694991903315.0,260416566524394.0,11111607394666,25.088298475199817,9166.804223752539,3.111011348544253,0.0013921152893751532
2014-12-01,2014,12,411.53447796,3071566435932928,15217.596278268986,0.051971828893807234,0.8813653269862715,2704333,2.847315400877037,1565559,895958,238324,229029,2162823,210299,102182,4492,2234686452572902.0,339002915670680.0,486565586960596,121841708596629,2447105520862677,133743186767801.0,368876019705821.0,11311480728750,25.18139075857079,8595.270476179869,3.0973759518520834,0.0013398016054614924
2015-01-01,2015,1,449.7274288,3896621012770895,15559.828295294174,0.03883132163249682,0.9250136905789188,2890311,2.7792974527654635,1665018,960701,260055,263420,2303427,217145,106319,4537,2762134499783507.0,453228998881841.0,669598749892809,144220054205923,3001020121557337,203854252553342.0,547526584454293.0,11658764212738,25.69707783279259,6441.70913511131,3.071632429866544,0.0011541338941338678
2015-02-01,2015,2,385.72155198,2460138958535641,14488.620175205973,0.034093588934937843,1.1601706127058184,2662238,2.936726919231113,1457392,945429,255198,271497,2088776,200264,101701,4219,1636216853648566.0,317946671956261.0,495057745730954,85067693080967,1798134215133959,165125171710219.0,411811878610496.0,10917687199860,25.877428774259304,6076.745466461253,3.289900076552134,0.0015678606408200382
2015-03-01,2015,3,450.31115374,3155137780663510,14813.812254466238,0.039959965888153,1.0317122232714753,3039806,2.9018312352827778,1645463,1111814,277989,303755,2397285,229287,109479,4540,2171952752138534.0,395741714460195.0,575736580751571,93861956076534,2377380057993413,215380422673892.0,468515343919671.0,11706733313210,25.785756196497797,6942.021540969161,3.041204932156855,0.0014272109750943895
2015-04-01,2015,4,564.05900059,2975994528513620,17624.993144157364,0.04131904453491853,0.9359901142383892,3200336,2.718583923688013,1781622,1143648,270806,277847,2564864,249891,107734,4260,2063773550537345.0,373479047290249.0,527743953858703,89965332479515,2229275227502879,230367791978102.0,426386176553124.0,10997976827323,25.816847012495302,6087.931725352115,2.9371728468510807,0.0018953271063592426
2015-05-01,2015,5,494.68538701,3230839236883895,15425.324878725052,0.03650152320603948,0.9426151912732227,3206969,2.7492258266294436,1724101,1206889,271518,288761,2541042,267096,110070,4461,2294919615137712.0,360429296393764.0,564032089032322,88695167224335,2401782982506539,277478052299335.0,462883034853686.0,11458236320097,25.685353777397445,6087.636458865726,3.081111791227168,0.0015311124341105882
2015-06-01,2015,6,567.64148971,4027091839033190,16169.653001991719,0.03867206344049821,0.9809563204123405,3510536,2.8386420193383572,1916078,1296095,293980,322227,2736980,263465,187864,4383,2660894376697391.0,441192856939362.0,913688636523274,113396100496732,2827085421564258,267732394102654.0,818877922869546.0,11315968873163,25.817861905459733,6137.824172484601,3.2241019604983396,0.0014095369842112668
2015-07-01,2015,7,953.25520813,3701190972378671,22124.32790407343,0.06213594619431673,8.577220075643368,4308629,2.9720922827191667,2654722,1300118,349206,745335,2836008,344535,382751,4583,2495889955528355.0,450367061321657.0,743158579748206,113206530734659,2583394803234468,321606805586736.0,682982832822808.0,11775375780453,25.693597600813874,7190.3587355444015,4.588933742032558,0.0025754700701509673
2015-08-01,2015,8,781.06223154,4166856651060701,21868.239697687975,0.05535698171382025,1.4618390534864103,3571674,2.8247858007197744,2039259,1237092,290725,361236,2693212,269851,247375,4598,2405586046001193.0,596827432814134.0,1152849204917747,125831331902937,2674878978924594,352381327816158.0,1013765012417012.0,11593967327627,25.215239946992167,6332.907513049151,4.355284104876313,0.0018744287516733805
2015-09-01,2015,9,827.38053279,3790402227498520,19945.608314144214,0.04667321543815593,9.78831060151041,4148184,3.093679788553256,2362317,1380979,400420,758546,2912090,307069,170479,4468,2416650884242741.0,528869443317815.0,833628717709993,120760607061131,2661865470890614,285254717337414.0,722521432209361.0,11253182227971,25.186173294474038,5896.239886974039,3.173011611828212,0.002182782784549454
2015-10-01,2015,10,828.36442608,4988855614843190,19370.62922827036,0.051910013831067234,1.6945957302081625,4276394,3.007174736471897,2462096,1484630,325103,513526,3286491,335436,140941,4565,3574982454548424.0,597575301464111.0,804802066006369,155194590705791,3860114405535122,286914701231553.0,686631917370724.0,11495792824286,25.182459636990142,6709.703181818179,2.782175356152871,0.0016604021760711555
2015-11-01,2015,11,835.82069268,7909961577456093,17567.060090973177,0.061787761362378436,1.493599246282454,4757886,2.7995788465717757,2783804,1601245,368186,542717,3692150,351789,171230,4651,6261454589526052.0,672278096109981.0,964517418953510,242546389257213,6577628457914324,318878149414199.0,770908580870357.0,11711472866550,25.180547982261878,8771.065667598368,2.8451625364710296,0.0010566572956584145
2015-12-01,2015,12,1061.83212106,11164703327779723,17408.119877625504,0.07426551824729921,1.2300077216727403,6099637,2.588508627644563,3725528,1949566,419480,712857,4795527,400789,190464,5063,9496642557810316.0,714165943988648.0,941130806622114,258615548395290,9845895965440758,284315876485414.0,775875937458261.0,12764019358646,25.21038783062611,10704.325102310882,2.7107299991786395,0.0009510526086581407
2016-01-01,2016,1,1149.23677856,22382455945826911,19351.844724096856,0.0789045796938466,1.6338471178468985,5938642,2.663690958303262,3524997,1973146,435634,655339,4570911,490180,222212,4865,2.1013328236251316e+16,580928007811025.0,775922161835854,163072191750784,21218189338456138,260526903917496.0,740667511702493.0,12277539928716,25.236464396127438,10365.91473422405,2.804456136604968,0.0005134516429146139
2016-02-01,2016,2,1266.90442222,10947833523579567,20015.97009764486,0.08073567292905191,1.046294605061331,6329468,2.5853866391298603,3904523,1977957,442432,657681,4941215,487044,243528,4556,9461857874943238.0,698663900582352.0,775794971077707,200873610936159,9521313762660634,339109267720937.0,886536882261837.0,11516776976270,25.278263775834066,10133.883237269541,2.7402934970206028,0.0011572059063544916
2016-03-01,2016,3,1399.73609069,12350917575285706,22995.092097758083,0.0954479772752229,1.1299059477144264,6087108,2.6581530999614267,4320867,1339957,421714,988612,4656060,208786,233650,4570,1.0933821479989488e+16,554303912543473.0,851227179113023,236391051927866,10914681317707567,265728011298113.0,934117194352160.0,11565003639722,25.306353697422317,10498.581324288842,2.7043394005823456,0.0011332925015925088
2016-04-01,2016,4,1614.5187243,8679151607826572,25106.051806969434,0.11076222287640215,1.343411739049063,6430795,2.4341976380836274,4776697,1235769,413871,1106610,4823782,236603,263800,4458,7471857000717953.0,508610946083583.0,687377163302048,180124020156359,6756211584218878,326971868042248.0,1415844135409087.0,11306497722988,25.362264968568862,11031.917803947963,2.6832270349155896,0.0018601918299234515
2016-05-01,2016,5,1547.26851639,7567339860791667,22820.91809700378,0.10574166081078179,1.605012968771428,6780045,2.4257725428076067,5056132,1322140,397149,1153941,5141439,237424,247241,4624,6414267320805020.0,566178407231462.0,575179406098675,219849953486020,5653595234487912,343490093053562.0,1350404579764173.0,11714726656510,25.334616471691174,11710.764095804494,2.667415776738945,0.0020446245431301395
2016-06-01,2016,6,1872.09482657,7060235264861515,27226.51394466462,0.1772146255621946,1.4201291413180455,6875999,2.428087322293095,5136783,1336928,397835,1109190,5324081,243908,198820,4453,5775188773170347.0,584744437255793.0,688982323889246,191869378397980,5450954075652739,256280558177895.0,1161131252632901.0,11319730546129,25.420459344551986,16397.72869279139,2.651445557220122,0.002651533719650246
2016-07-01,2016,7,1814.15247191,6926054016502583,27876.860276907362,0.18453473013643046,1.4148344371779673,6507736,2.3923785476239354,4876398,1256204,370761,886551,5231683,216033,173469,4373,6033422825554992.0,443455364025574.0,441906911674826,149453548079897,6086763915189655,204040619310686.0,485795933922345.0,7268915247191,16.62226217057169,11045.304659958838,2.547235013835841,0.0026192474826858296
2016-08-01,2016,8,2132.49139441,6628448019127858,30532.76991127635,0.17683213216852808,1.4622533377795908,6984271,2.3682152367799016,5255779,1351058,372781,990458,5572904,235180,185729,4653,5664196532412504.0,444672773572979.0,513549205559536,179642230791370,5584719164830091,227616591623576.0,636470031882821.0,6029507582839,12.958322765611435,7504.678470019341,2.494243135754612,0.0032170770357789345
2016-09-01,2016,9,1804.45120098,5885732969501536,27108.458112431108,0.16433499511663865,1.8325660788475806,6656414,2.392414894866816,4976949,1320425,354503,921548,5270709,261836,202321,4537,4953740272577609.0,424785813580421.0,501355188223408,142064422327113,4637522339216245,225219733660586.0,880926474297592.0,5851695120098,12.897719021595769,7819.133796120789,2.47704619934998,0.0030657114263649013
2016-10-01,2016,10,2300.86985571,7345922203588576,31181.217785683068,0.20112171081572788,1.5726968449325203,7379025,2.462875921954459,5522042,1448152,404278,1034115,5863191,263136,218583,4553,6383897770223947.0,481314260997450.0,474788835381608,157535308885352,6151024054343095,184002152314150.0,853360688045979.0,5921336985571,13.005352483134198,8360.355085657813,2.4659295774170706,0.0031320748123643554
2016-11-01,2016,11,2643.63303741,7395861589341833,32686.79793577216,0.23756574434109168,1.5027498104756951,8087770,2.2669808859549665,6133861,1540004,409389,1256887,6326673,256791,247419,4516,6406829461923277.0,466815001622942.0,516307762491873,170775945179901,6219961390888586,199970895954454.0,805153357318892.0,5909363303741,13.085392612358282,9488.82370770593,2.4393954081285694,0.0035743483201017947
2016-12-01,2016,12,3008.61654059,5389805637110080,35122.180301778724,0.2894155481182525,1.620155414019802,8566144,2.263817885853892,6537512,1590175,433765,1384810,6663648,273797,243889,4692,4434977445030450.0,457799891640053.0,490862438785518,204098352566766,4069763266923269,190110483792713.0,925833533827332.0,6165861654059,13.141222621609122,10851.697356351235,2.373977019298298,0.00558173858212231
2017-01-01,2017,1,3497.69498015,6480502416078296,40636.60480894483,0.37361427279122844,1.8726856473573026,8607252,2.3149003886490136,6600281,1540565,461496,1246517,6870106,264029,226600,4910,5508919600717488.0,430284692423488.0,534810853439305,198714879384512,4871730026062790,175766341503953.0,1234291169127041.0,6487269498015,13.212361503085539,12049.906261914455,2.4261544799664283,0.005396967682636579
2017-02-01,2017,2,4498.65265198,5550929772443252,54340.66304810517,0.5849173790965119,2.3628581367396886,8278612,2.237413469794212,6432413,1405224,436719,1166690,6670943,222104,218875,4256,4859372634177608.0,311917572121388.0,373869700879058,156936089826381,4447274214486137,147963471216693.0,798755996914041.0,5769865265198,13.557014250935149,14469.301710761272,2.3886674481181145,0.00810366601740283
2017-03-01,2017,3,7084.01397809,9235546626129805,79986.03948382685,0.9072256192576155,3.0091163360999165,8856563,2.291349477218194,6919919,1452209,479810,1196446,7099788,302963,257366,4625,8174537472907346.0,462406357520726.0,592113144303924,247490540283547,7016941868748844,429855810071790.0,1541258407025624.0,6489651397809,14.031678697965406,15831.296057297297,2.483175358206112,0.007669790360895077
2017-04-01,2017,4,6375.57307868,8117971371365754,76341.14946959943,0.9347226060072417,2.4233184393323413,8351424,2.339666983738342,6466418,1423963,456605,1057622,6743618,313200,236984,4438,7223293463378104.0,416922755319592.0,471570095360190,195364982599340,6153946761570816,381749430810845.0,1386910196384753.0,6185057307868,13.936586993844072,17019.543322217218,2.5870649125227025,0.007853036320252478
2017-05-01,2017,5,11643.68006531,9476305941649068,115706.77191704379,2.2603146053652714,3.093878492669297,10063093,2.179899559707935,7851333,1694625,512280,1303137,8186720,336759,236477,4855,8143926172608428.0,662723660674470.0,662422990359639,254514665990411,7432260631542379,464622960588085.0,1324907683528193.0,7233118006531,14.89828631623275,28346.46793573634,2.4686826406155644,0.012285641299712095
2017-06-01,2017,6,12548.66104948,8727731977538663,155424.43386003273,4.073898292148302,4.1628556787477295,8073802,2.5476293572718283,6080892,1510760,477686,1132013,6377057,315520,249212,4464,7484105208586453.0,493694902056055.0,743097000791207,222959552347773,6898681790413349,410755271564433.0,1195335363213108.0,6834866104948,15.31107998420251,40088.267616039426,2.5709377069192434,0.014375850570353245
2017-07-01,2017,7,6450.41172176,9142919867716606,89873.3009702353,2.2365180210168965,3.003504824484287,7177228,2.7992803071046373,5278151,1387551,506640,889420,5756782,288182,242844,4886,7779943927427973.0,511829959025448.0,844393440091009,249816718815918,5451154308618016,350283649864928.0,3091665190417744.0,6752541172176,13.820182505476874,34671.31985755219,2.6379499160400086,0.007054591711258402
2017-08-01,2017,8,8433.15217661,6984030451233465,108617.08559343296,4.458980614432324,3.7527568635891346,7764112,2.5388385690469173,5790015,1520614,449074,940024,6240742,339790,243556,4409,5394079781541352.0,705037464163319.0,878558640311209,303768981056379,4637487575913350,360946568430068.0,1681827325833668.0,6354565217585,14.412713126752097,55990.354970288055,2.636029979989985,0.012073449655046113
2017-09-01,2017,9,5292.44199145,6756841234871770,71940.48402781412,3.0356935784583947,2.714422863034916,7356695,2.524866397206898,5512537,1399773,439526,844873,5930138,330911,250773,4859,5409417406469672.0,407812688662227.0,933008145540726,202856432606634,4900971038006897,259330058247134.0,1393683706011105.0,6602994199145,13.589203949670713,55968.125787610625,2.6198638111271433,0.007832102750384746
2017-10-01,2017,10,5454.9085503,5726733051470693,60638.83107161338,3.3016159152053395,3.697832681584244,8995735,2.38861227014802,6889753,1612059,489098,1082499,7348346,290864,274026,4825,4840710996042819.0,416106749322014.0,463338565250830,183788224896765,4415440961150818,211373635104514.0,916130230318596.0,6576740855030,13.63055099488083,73139.34048538859,2.5578902668875863,0.009524433830111709
2017-11-01,2017,11,9959.29042221,9942873648623006,106730.80425686919,8.063538502211882,5.28836948084185,9331224,2.286829894984838,7131395,1714582,480879,1068637,7651569,310413,300605,4368,8783944937803449.0,548632832630327.0,603839949147081,257814416004412,6909849751486328,626282545052046.0,2148926936080220.0,6455929042149,14.780057330927198,115935.28578434068,2.687500696586,0.01001550789099186
2017-12-01,2017,12,19103.81427949,7496503066128039,170583.67596831778,26.41024459680938,5.418856385630384,11199087,2.2357437262519704,8953599,1784833,454294,1181205,9194561,453638,369683,6086,6185273698438780.0,472691124016013.0,829324428129017,270877929496968,5269895328426555,343593493506633.0,1612136314697883.0,8889825970441,14.607009481500166,227077.27856145243,2.74061305176038,0.02547714181553518
2018-01-01,2018,1,15058.88519804,6331097448926922,169663.96834462407,23.033403390967063,4.707201238577847,8875712,2.9032978988051887,7022844,1361186,486622,969721,7102323,444030,359638,5060,4999718767319136.0,492677339813381.0,830870453274676,200032990226441,3464002415674607,314729612177404.0,2352332430848470.0,7830888519729,15.476064268239131,201532.0348707509,2.898858592978231,0.02377992808896138
2018-02-01,2018,2,2502.49076844,3750553948161382,46644.38355636359,4.187437524202037,2.4161423770572585,5365042,4.088262123577038,4014391,906534,439745,750650,4051013,320608,242771,4372,2722151279530379.0,372145598477726.0,650541821076582,144289894114535,1563438559424025,329310210799653.0,1713515283823169.0,5715249076695,13.072390385853158,122286.94837534298,2.8099699871874257,0.006671877914295342
2018-03-01,2018,3,1018.17873448,3520601620155240,17892.715876119088,1.6473862274515902,1.0960847701789773,5690465,3.328919692854626,4254266,1024900,406649,713008,4355544,382221,239692,4650,2617959699406296.0,334451598608912.0,562276004266728,98075028396867,1690966613948868,491718274990802.0,1239841702818703.0,5914317873304,12.718963168395698,114856.42361311827,2.788181457930064,0.0028919752896031997
2018-04-01,2018,4,990.93427768,3714793373468898,17245.165380618735,1.4295085848594247,1.1599663689175956,5746157,2.697374088455989,4244489,1150234,346829,639612,4425795,439980,240770,4605,2519854602384749.0,340210165508620.0,848873262147761,88752999689610,1660508298693228,499620196614699.0,1465911878471361.0,5855343427768,12.715186596673181,101721.46479305104,2.790015309362414,0.0026674642308228184
2018-05-01,2018,5,1010.42592623,3368750568634270,16457.59015576651,1.3971565834745865,1.1363512444921824,6139574,2.6648902676309465,4503317,1264221,367324,663917,4725316,497955,252386,4712,2400022908758975.0,348393736314926.0,614342880967890,93343948308836,1839705111580628,482501518817254.0,953199989927552.0,5991042592479,12.714436741254245,106808.97082173171,2.7706443476371487,0.002999318589345689
2018-06-01,2018,6,1043.49492571,3683310180593883,18125.923683323723,1.2074237783057937,1.1828296079944731,5756920,2.916962021358643,4237761,1164762,349796,644893,4378956,507395,225676,4601,2861880447423374.0,301125263055346.0,514449495623563,68050710569343,2016365297907388,751389623093207.0,847504549023945.0,5854974491600,12.725439016735491,86242.45878026515,2.7595266218741967,0.002832955447144603
2018-07-01,2018,7,669.03599747,2807018489149655,10469.92893773341,0.7509076255368983,0.9246584551781911,6390072,2.8982715687710563,4703681,1305474,376266,707840,4903659,552267,226306,4651,2056802832033010.0,286560547716851.0,457774455828103,80008190370792,1750647179151209,340132698462324.0,636230421165330.0,5880653571691,12.643847713805632,90548.9801378198,2.71231998637887,0.00238338313183523
2018-08-01,2018,8,694.05708184,3005376109274757,10319.391334446269,0.6913268089268717,0.8021997772388605,6725756,2.5705244139097525,4973885,1374276,372796,743858,5247125,496669,238104,4799,2256131093643225.0,329616101940677.0,413560757984398,80252807374144,1883138907779610,374913414699903.0,667070979421100.0,6068155706457,12.644625352067097,84421.12062763072,2.6954281422043858,0.002309331772544009
2018-09-01,2018,9,619.48895385,2733669754399753,9010.021065208553,0.5940355625825918,0.8934125430985043,6875555,2.420193424385377,5123169,1387603,360363,727793,5401159,516696,229907,4420,2055496977756176.0,312015684173216.0,360570143575888,74745557797712,1797245324981025,335602419650628.0,526076451970388.0,5586948894473,12.640155869848416,83230.98936764705,2.5889316571534953,0.0022660927299606283
2018-10-01,2018,10,545.63335979,2634020989145030,7194.492854733663,0.4618998880109525,1.252100575564287,7584042,2.4604680459311803,5712706,1493410,373543,811387,5974906,566323,231426,4383,1934501613077829.0,300270548257789.0,393715514473583,75469161527093,1708160003541069,264826567618511.0,585565256458357.0,5533313335829,12.624488559956651,80975.93727401318,2.5537050032159634,0.002071441569988656
2018-11-01,2018,11,870.75719231,3145362992887298,10811.212184318627,0.5390376784547084,1.1322090784995416,8054205,2.3160226242068584,6250925,1422064,377342,822640,6409297,596567,225701,3874,2161180389698109.0,407765221852515.0,571487805617737,119484044187474,1953426284471291,354986502474453.0,717466161754080.0,4929575718937,12.724769537782654,68635.72596231283,2.4924481062997526,0.002768307152609659
2018-12-01,2018,12,700.51906345,3672114790902780,8548.10890531296,0.3142804328353436,1.0968850056838009,8195018,2.320945237704176,6423277,1396909,370457,860349,6478875,648657,207137,4375,2525576963591351.0,477076016640874.0,663923008764286,172993501924252,2310757189317478,427518227672769.0,760845871988281.0,5538801906269,12.660118642900573,46540.626297371455,2.465041931573549,0.0019076356268442117
2019-01-01,2019,1,634.08809295,3455871611591502,6874.359404134385,0.2509618440315815,0.8658158268676476,9223959,2.039697487814072,7384177,1488876,346380,895175,7387736,728849,212199,4526,2658722197998949.0,353817183286101.0,437611321497236,115207000999472,2421912762224684,348540438996943.0,570211409370403.0,5720908809216,12.640099004012372,46301.57536964205,2.412034138486522,0.0018347801367991645
2019-02-01,2019,2,748.8058125,5172120411142041,8086.3659129925445,0.2989284660962577,0.7944752927151624,9260103,2.0392400602887464,7481913,1435985,338083,879731,7518057,645074,217241,4122,4405035153154475.0,363287061084669.0,398570816321722,88173279404495,4030060501450944,425243048960812.0,628643581325790.0,5227380581175,12.681660798580786,46364.79926394953,2.3954903093410516,0.0014477523957733428
2019-03-01,2019,3,986.66672386,3973324294276815,10443.929322053185,0.41099221696196814,1.1128736335813896,9447275,2.174620088861603,7293956,1752376,396395,1081429,7044287,1061701,259858,4548,3121791873629819.0,425831989416588.0,419916764558022,95715087939034,2328367031975649,669347078285226.0,879895096076906.0,5783666672386,12.716945189942832,49916.945078715886,2.5095178239227716,0.002483165606976554
2019-04-01,2019,4,2679.54312509,4537689012255070,24367.637252884353,1.2536417846478172,2.0537056960508573,10996319,2.076146936079246,8777703,1815855,398428,1078832,8345176,1290756,281555,4333,3613601586532127.0,395396384764986.0,523006836645448,107321785147986,2484536140594845,989968375899131.0,955862710613108.0,5684204312509,13.118403675303485,67502.37566074316,2.5074984638041147,0.00590473454206586
2019-05-01,2019,5,4322.00718266,3881460968713861,37562.6127183736,2.857327481415284,2.676938940973319,11506141,2.201383504686758,8864863,2160544,476012,1285299,7949685,1941701,329456,4722,2948930995918589.0,406411397540897.0,519783874536109,114829763872849,2316624988743323,643480876257617.0,806525339840072.0,6334700718266,13.41529165240576,98411.1509760694,2.6331774484599135,0.011133761270643765
2019-06-01,2019,6,3723.25441164,5026025635085253,35449.06952446176,3.3619487126703405,2.7894456336628677,10503109,2.334924925562517,7954910,2055829,487845,1269155,7185483,1712860,335611,4525,4067168268563832.0,461086814277217.0,491741976803040,101085341287599,3270003807760826,655798734136257.0,999137751900571.0,6028575441164,13.322818654506078,125947.31136331492,2.7191072662389772,0.007407400768661106
2019-07-01,2019,7,1947.92047002,5902368275257718,18926.02904545085,2.042626663279712,2.4215454936270544,10292283,2.2115986317127114,7847891,2005432,434204,1214551,7332641,1437600,307491,4756,5047708886399436.0,322452770274317.0,526066826536963,100243644158792,3300497169955135,735326755015329.0,1766300706128462.0,6139792047002,12.90957116695122,137835.77978574426,2.6140768768212066,0.0033001264837132453
2019-08-01,2019,8,1340.4175228,7544221000026523,13173.907186889637,1.4135000501921406,1.7902317333998659,10174791,2.1410030928399415,7671858,2088109,410144,1121595,7299740,1458848,294608,4680,6917167976555664.0,311867292433613.0,309201689284966,104198844584905,3700853472396731,1346845396545878.0,2392323286499009.0,5984041752280,12.78641400059829,135907.68353290594,2.5662669631248445,0.00177671585626219
2019-09-01,2019,9,922.10154587,2961712021366653,9415.725121635322,0.9203103884051724,1.4561052991809817,9793208,2.1536759966703456,7534553,1833543,420472,1125415,7083864,1284670,299259,4640,2229488922447989.0,341746632027200.0,384584256736877,147894311777314,1688116190140339,482122928347431.0,643578591101569.0,5892210154587,12.698728781437499,124634.55893275863,2.5311709911604043,0.0031133102453445765
2019-10-01,2019,10,897.28746283,3001756134842564,9048.228273360546,0.7663218713458976,1.3831117640062052,9916720,2.1178594333610308,7740577,1762160,409449,1131932,7536446,950930,297412,4534,2341743045145941.0,341109266373399.0,313146594576941,95708881154074,1603054634330400,509597102892994.0,793395516465096.0,5757228746283,12.697901954748566,106192.83404808117,2.462701982106987,0.002989119040766639
2019-11-01,2019,11,952.27744163,3207577759111695,10300.5950065539,0.8644950081953973,1.4148270265206069,9244878,2.2985804680169926,7135816,1680128,424688,1215666,6847427,861024,320761,4246,2426997082641564.0,379373788248623.0,395804160477345,129170965678146,1544397338058550,810508121638145.0,723501333736854.0,5402727744163,12.724276364020255,106163.41775129533,2.4848630776955627,0.0029687485149894177
2019-12-01,2019,12,633.50098869,3005519420189818,6717.6855302021795,0.4863819239569543,1.0242768105105864,9430346,2.181937651068158,7345183,1671916,408650,1151875,7258799,719770,299902,4597,2264097077361380.0,402546461644732.0,333066281084837,102234065688788,1815121264426650,579257472164786.0,508906617909594.0,5809600098869,12.637807480680879,91596.91700913639,2.4330883511591197,0.0021077476053975113
2020-01-01,2020,1,618.20798284,2721798434070819,6434.520212271894,0.5427140006855875,0.9490351558604178,9607678,2.1893270153308637,7446427,1721726,434783,1216584,7453260,627691,310143,4742,2038024621690998.0,335709639170500.0,342074852411037,129300069355212,1664839285166910,434786965871992.0,492872113676705.0,5989320798284,12.630368617216366,105456.72757148881,2.429826644897966,0.002271270105561426
2020-02-01,2020,2,744.21227813,2874468858461669,7884.4523868827,0.7634697678923493,1.2013983965884645,9438985,2.208404717244492,7332690,1669484,432657,1266295,7247367,616757,308566,4154,2115460511167675.0,389783568900127.0,363957857166054,147845088238344,1719261659406387,479724543450611.0,527637567366327.0,5266921227813,12.679155579713528,122254.86861723635,2.414554954796517,0.0025889757283821175
2020-03-01,2020,3,1249.29744266,3400489961241197,14046.986977079516,0.9056806085753804,1.344549229336298,8893704,2.393285294855777,6682773,1758068,448618,1401476,6490144,630922,371162,4245,2223090379275087.0,576227736686312.0,595740665535605,178524851960283,2063281700910051,397912112668542.0,760771295702321.0,5431179744193,12.794298572892815,89519.54481130751,2.5719846309254275,0.0036737398462016553
2020-04-01,2020,4,802.14615169,2806928848560860,9234.736957418465,0.6865265286253079,0.9855631276960787,8686183,2.5476700180044562,6415303,1810495,455877,1416479,6285556,579211,404937,4508,1940517916684980.0,421118648945470.0,439577068315309,126942076288561,1643285121037866,373848079766376.0,662853571468057.0,5715214615101,12.677938365352707,91350.09796118012,2.6734693478136484,0.0028576542990652134
2020-05-01,2020,5,3262.36252931,2975360229852334,35795.96383703696,3.331871576702932,2.218124001486311,9113772,2.7479607784789875,6641300,1958796,509474,1750905,6311087,601703,450077,4202,2177113862454608.0,380666399541841.0,413584356602954,171018958140060,1779925980709732,396382355687848.0,628032935314694.0,3995611252931,9.508832110735364,87656.53264207521,2.691989222464639,0.010963394720748084
2020-06-01,2020,6,1255.79901229,2899341036407701,13679.51471224359,1.3035126829516899,1.1743573903592597,9180143,2.608599778892333,6722638,1950557,502403,1656574,6482862,579127,461580,4545,2120978584804859.0,446865095425303.0,328531151276310,210855242335832,1806425021295975,352688115767818.0,529372657008076.0,2966204901229,6.526303413045104,61897.13829790977,2.6729656607745653,0.004331138028030318
2020-07-01,2020,7,2533.64721386,2898076939465760,24966.395261636757,2.4792920939777408,1.6576668404467692,10148230,2.566323289874195,7431484,2141164,570998,1998097,7144223,528552,477358,4584,1961432336979778.0,594979708284704.0,338546529479892,320941573956861,1697879163037979,313641731423541.0,565614471047379.0,3118364721386,6.802715360789703,65433.231609729504,2.6906078202799897,0.008741747654501978
2020-08-01,2020,8,3383.30693125,4573126843207759,34466.97909868724,4.011605582854509,2.120108392238367,9816082,2.736803849030601,7226248,2017634,567668,2018566,6777148,520146,500222,4532,2281253888012854.0,1880425327100724.0,408276797401056,1643444799040069,2005010544572496,306765352082355.0,617906147512839.0,3170830693125,6.99653727520962,81468.4966167255,2.7976766086509874,0.007397688191783577
2020-09-01,2020,9,2468.15380244,8359267082390642,26052.275916520113,2.7725684481115733,1.629156219549098,9473851,2.722318410960865,6946232,1957474,565624,1856834,6601042,512449,503526,4521,3362338640574717.0,4527685679962866.0,466170321472815,4270180358375704,3166283135962883,282534306874089.0,640269281177966.0,3072440380244,6.795930945021013,72373.21050011064,2.836459745883696,0.002952508761422297
2020-10-01,2020,10,3479.58927535,7646756874633954,37423.24399038668,4.607578149647425,2.1351531057479765,9297936,2.6267858802211586,6834717,1911373,547639,1900275,6424158,472767,500736,4207,4255436553089763.0,3021452158234451.0,366890829382205,2703079407930330,3969716672447213,335508957298984.0,638451836957427.0,2977333927535,7.077095145079629,83889.66946375092,2.8312649172891704,0.004550204752102829
2020-11-01,2020,11,3450.67752036,6672251807689676,37690.952063027,6.013484684330315,2.243388958585899,9155188,2.9096352800182803,6694517,1875809,580391,2001538,6250756,453526,449368,4471,3904363090169905.0,2314546343753621.0,450202931014114,1983047353260438,3696255783457103,312735611673577.0,680213059298558.0,3139442752036,7.0217909909103104,116798.91549228359,2.8488298656455773,0.005171416143930577
2020-12-01,2020,12,3059.3097547,5860116851754170,31416.39883655053,7.029260177529774,2.490194888698046,9737939,2.821684239344691,7153021,1981467,598939,2243993,6537980,482170,473796,4512,3157422240248352.0,2203000304730431.0,496568375799917,1838231057224514,3072124986050826,337975759906331.0,611785048572499.0,3125930975470,6.9280385094636525,153402.83287965428,2.8934135857700483,0.005220288481089839
2021-01-01,2021,1,2560.19753536,4806591035932621,32523.44188032983,11.590323685054667,3.321133456194929,7871853,2.8503809712910035,5798738,1605714,463763,1913491,5137385,422178,398799,3638,2265375721339718.0,2123262387605867.0,415423157233500,1830011473462567,2129786945442429,244204416998327.0,602588200029298.0,2529769753536,6.953737640285871,245636.4056937877,2.9716425090763257,0.005326147276376245
